1564676999.000000, IBI
13.188104,0.593777
21.282224,0.531274
21.907253,0.625029
28.360673,0.703157
29.016953,0.656280
29.735736,0.718783
30.376390,0.640654
31.079548,0.703157
31.704576,0.625029
32.407733,0.703157
33.110891,0.703157
33.814048,0.703157
34.485954,0.671906
35.126608,0.640654
35.782888,0.656280
36.439168,0.656280
37.142325,0.703157
37.767354,0.625029
38.392382,0.625029
39.064288,0.671906
39.704942,0.640654
40.408100,0.703157
41.095631,0.687531
41.767537,0.671906
42.533197,0.765660
43.267606,0.734409
43.908260,0.640654
44.627043,0.718783
45.267697,0.640654
45.923977,0.656280
46.611509,0.687531
47.314666,0.703157
48.002197,0.687531
48.720980,0.718783
49.424137,0.703157
50.096043,0.671906
50.799200,0.703157
74.753422,0.859414
80.347428,0.625029
81.066211,0.718783
108.551844,0.718783
109.270627,0.718783
109.958158,0.687531
110.661315,0.703157
111.380098,0.718783
112.114507,0.734409
123.490028,0.734409
124.318191,0.828163
124.927593,0.609403
125.568248,0.640654
191.680649,0.750034
192.415058,0.734409
193.149466,0.734409
198.212198,0.750034
198.962232,0.750034
199.681015,0.718783
200.462301,0.781286
201.243587,0.781286
202.009247,0.765660
202.806158,0.796911
203.556193,0.750034
204.165596,0.609403
204.884378,0.718783
205.540658,0.656280
206.181313,0.640654
206.821967,0.640654
207.509499,0.687531
208.150153,0.640654
208.837684,0.687531
209.525216,0.687531
210.181496,0.656280
210.884653,0.703157
211.572185,0.687531
212.244090,0.671906
212.915996,0.671906
213.572276,0.656280
214.291059,0.718783
214.900462,0.609403
219.010025,0.718783
219.744434,0.734409
220.478842,0.734409
225.916591,0.625029
226.525994,0.609403
227.197900,0.671906
227.838554,0.640654
228.447957,0.609403
229.088611,0.640654
229.744891,0.656280
230.448049,0.703157
231.166831,0.718783
231.869989,0.703157
232.573146,0.703157
233.338806,0.765660
234.026337,0.687531
234.713869,0.687531
235.385775,0.671906
236.057680,0.671906
236.760838,0.703157
237.479620,0.718783
245.745624,0.765660
246.511284,0.765660
247.308195,0.796911
248.073855,0.765660
248.808264,0.734409
249.527047,0.718783
250.277081,0.750034
251.011490,0.734409
273.028123,0.687531
273.731280,0.703157
274.450063,0.718783
275.168846,0.718783
275.903254,0.734409
303.638899,0.718783
304.388933,0.750034
305.138968,0.750034
305.889002,0.750034
306.592159,0.703157
307.310942,0.718783
308.014099,0.703157
308.717256,0.703157
309.482916,0.765660
310.170448,0.687531
310.936108,0.765660
311.608014,0.671906
312.358048,0.750034
313.108082,0.750034
313.936245,0.828163
314.608151,0.671906
315.389437,0.781286
316.030091,0.640654
316.764500,0.734409
317.498908,0.734409
318.311445,0.812537
319.186486,0.875040
358.032014,0.734409
358.735171,0.703157
359.500831,0.765660
360.328994,0.828163
360.969648,0.640654
364.704194,0.750034
365.422977,0.718783
370.298200,0.640654
371.032609,0.734409
382.314375,0.875040
382.955029,0.640654
394.377427,0.656280
395.049333,0.671906
395.752490,0.703157
396.424396,0.671906
396.986922,0.562526
397.736956,0.750034
398.471365,0.734409
399.065142,0.593777
399.627668,0.562526
400.346451,0.718783
401.002731,0.656280
401.721514,0.718783
402.565302,0.843789
403.330962,0.765660
404.080997,0.750034
404.768528,0.687531
405.471685,0.703157
406.143591,0.671906
407.003005,0.859414
411.612591,0.578151
412.347000,0.734409
413.081409,0.734409
413.815817,0.734409
414.456471,0.640654
415.081500,0.625029
415.737780,0.656280
416.394060,0.656280
417.050340,0.656280
417.753497,0.703157
418.519157,0.765660
419.347320,0.828163
420.128606,0.781286
420.816138,0.687531
421.519295,0.703157
422.284955,0.765660
423.175621,0.890666
423.910029,0.734409
424.581935,0.671906
425.410098,0.828163
428.910258,0.734409
429.597790,0.687531
430.300947,0.703157
449.598705,0.750034
450.379991,0.781286
451.161277,0.781286
451.958188,0.796911
468.177680,0.718783
468.943341,0.765660
469.709001,0.765660
470.459035,0.750034
471.224695,0.765660
476.381181,0.781286
477.193718,0.812537
477.959378,0.765660
478.725038,0.765660
479.459447,0.734409
480.209481,0.750034
485.897242,0.656280
486.600399,0.703157
487.381685,0.781286
488.069216,0.687531
488.787999,0.718783
499.413485,0.703157
500.132268,0.718783
500.804174,0.671906
501.569834,0.765660
502.351120,0.781286
502.960523,0.609403
503.663680,0.703157
504.366837,0.703157
505.101246,0.734409
510.148352,0.703157
519.805044,0.968794
523.133321,0.734409
523.992735,0.859414
527.461644,0.703157
528.196053,0.734409
528.961713,0.765660
529.617993,0.656280
530.321150,0.703157
531.055559,0.734409
531.836844,0.781286
532.649382,0.812537
533.290036,0.640654
533.993193,0.703157
534.711976,0.718783
543.384248,0.703157
544.103031,0.718783
561.744463,0.671906
562.463246,0.718783
563.119526,0.656280
563.853935,0.734409
564.478964,0.625029
565.057115,0.578151
577.042039,0.734409
577.792073,0.750034
601.574412,0.718783
602.277569,0.703157
609.090381,0.656280
609.793538,0.703157
610.527947,0.734409
611.340484,0.812537
612.137395,0.796911
613.012435,0.875040
613.778095,0.765660
614.543756,0.765660
615.309416,0.765660
616.106327,0.796911
619.387727,0.671906
620.090884,0.703157
620.794042,0.703157
621.481573,0.687531
622.137853,0.656280
622.794133,0.656280
636.935405,0.718783
637.638563,0.703157
638.341720,0.703157
639.076128,0.734409
639.826163,0.750034
640.576197,0.750034
641.373109,0.796911
642.091892,0.718783
642.826300,0.734409
643.576334,0.750034
644.248240,0.671906
644.873269,0.625029
645.529549,0.656280
646.201455,0.671906
646.888986,0.687531
647.623395,0.734409
648.295300,0.671906
648.982832,0.687531
649.717241,0.734409
650.467275,0.750034
655.795644,0.765660
656.467550,0.671906
657.170707,0.703157
657.858238,0.687531
658.561395,0.703157
659.295804,0.734409
660.030213,0.734409
660.764621,0.734409
661.499030,0.734409
662.264690,0.765660
662.952221,0.687531
663.624127,0.671906
664.311659,0.687531
665.030442,0.718783
665.764850,0.734409
666.499259,0.734409
667.264919,0.765660
667.999327,0.734409
688.578394,0.671906
689.265926,0.687531
690.078463,0.812537
690.703492,0.625029
691.344146,0.640654
691.969175,0.625029
712.641996,0.796911
713.438907,0.796911
714.220193,0.781286
714.985853,0.765660
715.704636,0.718783
716.532799,0.828163
717.314085,0.781286
717.954739,0.640654
718.704773,0.750034
719.517311,0.812537
793.614452,1.062549
846.913767,0.718783
847.648176,0.734409
848.413836,0.765660
849.210747,0.796911
850.007659,0.796911
850.788944,0.781286
851.570230,0.781286
852.367142,0.796911
853.179679,0.812537
853.992216,0.812537
854.789128,0.796911
855.554788,0.765660
856.304822,0.750034
857.039231,0.734409
857.773639,0.734409
858.539299,0.765660
859.304959,0.765660
860.086245,0.781286
860.867531,0.781286
861.633191,0.765660
862.351974,0.718783
863.164511,0.812537
863.945797,0.781286
864.711457,0.765660
865.445865,0.734409
866.180274,0.734409
866.914683,0.734409
867.664717,0.750034
868.399126,0.734409
869.149160,0.750034
869.914820,0.765660
870.680480,0.765660
871.446140,0.765660
872.211800,0.765660
872.914957,0.703157
873.649366,0.734409
874.415026,0.765660
875.211937,0.796911
884.931132,0.812537
885.712418,0.781286
895.119099,0.750034
895.869133,0.750034
896.619167,0.750034
897.275447,0.656280
897.947353,0.671906
898.634885,0.687531
899.338042,0.703157
900.041199,0.703157
900.775608,0.734409
901.510016,0.734409
902.166296,0.656280
902.885079,0.718783
903.650739,0.765660
904.432025,0.781286
905.197685,0.765660
906.025848,0.828163
906.822759,0.796911
907.525917,0.703157
908.291577,0.765660
909.041611,0.750034
909.776020,0.734409
910.635434,0.859414
914.323103,0.812537
915.073137,0.750034
915.760669,0.687531
916.526329,0.765660
917.307614,0.781286
918.073274,0.765660
918.854560,0.781286
919.588969,0.734409
920.370255,0.781286
921.135915,0.765660
921.885949,0.750034
922.651609,0.765660
923.448520,0.796911
924.151678,0.703157
924.932963,0.781286
925.636121,0.703157
926.370529,0.734409
927.120564,0.750034
927.901849,0.781286
928.620632,0.718783
929.355041,0.734409
930.073824,0.718783
930.839484,0.765660
931.589518,0.750034
932.386430,0.796911
933.120838,0.734409
933.886498,0.765660
934.667784,0.781286
935.449070,0.781286
936.167853,0.718783
936.902261,0.734409
937.589793,0.687531
938.261698,0.671906
938.980481,0.718783
939.621136,0.640654
940.308667,0.687531
941.074327,0.765660
941.871239,0.796911
942.621273,0.750034
943.511939,0.890666
944.308850,0.796911
945.121387,0.812537
945.902673,0.781286
946.683959,0.781286
