1565901879.000000, 1565901879.000000, 1565901879.000000
32.000000, 32.000000, 32.000000
-41,-4,48
-41,-4,48
-41,-4,48
-41,-3,48
-41,-4,48
-41,-4,48
-41,-4,48
-41,-4,48
-41,-4,48
-41,-4,49
-41,-4,48
-41,-4,48
-41,-4,48
-41,-4,49
-41,-4,48
-41,-4,49
-41,-4,48
-41,-4,49
-41,-4,48
-41,-4,48
-41,-4,49
-41,-4,49
-41,-4,49
-41,-4,49
-40,-4,48
-41,-4,49
-41,-3,48
-41,-4,48
-42,-4,48
-41,-4,48
-41,-4,49
-41,-3,49
-41,-4,49
-40,-4,49
-40,-4,49
-41,-4,48
-41,-4,48
-41,-4,48
-42,-4,48
-41,-4,48
-41,-4,49
-41,-4,48
-41,-4,48
-41,-4,48
-41,-4,49
-41,-3,49
-41,-4,48
-41,-4,48
-41,-4,48
-41,-4,48
-41,-4,48
-41,-4,48
-41,-4,48
-41,-4,48
-40,-4,49
-41,-4,49
-40,-4,49
-41,-4,49
-41,-4,49
-41,-4,49
-41,-4,48
-41,-4,49
-40,-4,49
-41,-4,49
-40,-4,49
-40,-4,49
-40,-4,49
-40,-4,49
-41,-4,49
-43,-3,49
-46,-4,47
-38,-4,49
-35,-5,52
-35,-5,52
-36,-5,52
-37,-5,51
-39,-4,51
-36,-5,52
-36,-5,53
-36,-5,53
-36,-5,53
-39,-4,53
-38,-5,53
-29,-6,51
-26,-6,54
-26,-7,56
-24,-8,54
-26,-7,53
-49,-2,56
-43,-3,44
-40,-4,46
-40,-3,52
-38,-4,51
-40,-4,49
-41,-3,49
-41,-4,49
-40,-4,49
-41,-4,49
-41,-4,49
-39,-4,49
-40,-4,49
-40,-4,49
-40,-4,49
-41,-4,49
-40,-4,49
-41,-4,49
-41,-4,48
-41,-3,48
-41,-3,48
-41,-3,49
-41,-4,48
-41,-4,48
-41,-4,48
-41,-3,48
-41,-4,48
-41,-3,48
-41,-4,48
-42,-3,48
-41,-3,48
-41,-3,48
-42,-3,48
-42,-4,48
-42,-4,48
-41,-3,48
-41,-4,48
-42,-3,48
-42,-4,48
-41,-3,48
-41,-4,48
-41,-4,48
-41,-4,48
-42,-4,48
-42,-3,48
-42,-3,48
-42,-3,48
-42,-4,48
-41,-4,48
-42,-4,48
-42,-4,48
-42,-4,48
-42,-4,48
-42,-4,48
-41,-4,48
-41,-4,48
-42,-4,48
-42,-4,48
-41,-3,49
-41,-4,48
-40,-4,49
-40,-5,48
-41,-4,49
-41,-3,49
-41,-1,49
-43,-1,47
-43,-1,47
-43,-3,48
-42,-6,47
-43,-7,47
-43,-5,47
-42,-3,48
-41,-3,48
-40,-4,49
-40,-4,49
-41,-5,47
-41,-5,48
-41,-5,48
-41,-4,48
-42,-4,48
-43,-5,47
-43,-4,48
-41,-4,48
-41,-4,48
-42,-4,48
-42,-4,47
-42,-4,48
-41,-4,48
-41,-4,48
-41,-4,48
-41,-4,48
-41,-4,48
-41,-4,48
-42,-4,48
-42,-4,48
-42,-4,49
-42,-3,50
-41,-4,47
-41,-5,47
-41,-5,47
-42,-4,47
-40,-5,48
-42,-5,48
-42,-4,48
-42,-4,48
-42,-4,48
-42,-4,48
-42,-4,48
-42,-4,48
-42,-4,48
-40,-4,49
-41,-4,49
-41,-5,48
-41,-5,48
-41,-4,49
-41,-4,48
-41,-4,48
-42,-4,48
-41,-4,48
-41,-4,48
-40,-4,49
-41,-4,48
-41,-4,48
-41,-4,48
-42,-4,48
-41,-4,49
-40,-3,49
-41,-4,49
-41,-4,48
-41,-4,48
-41,-4,48
-42,-3,48
-41,-4,48
-41,-4,49
-41,-4,48
-41,-4,48
-41,-4,48
-42,-3,48
-41,-4,48
-41,-4,48
-41,-4,48
-40,-4,48
-41,-4,48
-42,-4,48
-41,-4,48
-41,-4,49
-41,-4,48
-41,-4,49
-41,-4,49
-41,-4,48
-41,-4,48
-41,-4,48
-41,-4,48
-41,-4,48
-41,-4,48
-41,-4,49
-41,-4,48
-41,-4,48
-41,-4,48
-41,-4,48
-41,-4,48
-41,-4,48
-41,-4,49
-41,-4,49
-41,-4,48
-40,-4,49
-41,-4,49
-41,-4,49
-40,-4,49
-40,-4,49
-41,-4,49
-40,-4,49
-40,-4,49
-40,-4,49
-41,-4,49
-41,-4,48
-40,-4,49
-41,-4,49
-41,-4,49
-45,-4,48
-43,-4,48
-35,-5,49
-36,-6,51
-34,-6,52
-34,-6,51
-45,-4,49
-48,-2,48
-45,-3,47
-42,-4,48
-37,-5,49
-34,-5,52
-35,-7,53
-35,-6,52
-30,-6,52
-30,-7,52
-35,-5,53
-48,-2,53
-50,-5,46
-43,-5,44
-48,-3,50
-45,-4,49
-30,-6,51
-34,-5,55
-31,-5,53
-36,-6,52
-32,-5,53
-30,-6,54
-31,-6,54
-30,-6,53
-51,-4,53
-37,-2,46
-41,-5,43
-55,-2,46
-48,-6,46
-31,-4,44
-24,-9,53
-17,-7,60
-6,-9,62
-52,-1,59
-68,-8,45
-49,0,30
-55,-4,41
-49,-3,47
-38,-4,51
-35,-5,51
-38,-4,51
-43,-3,48
-45,-4,46
-45,-4,46
-42,-4,48
-41,-4,49
-42,-4,49
-41,-4,47
-43,-4,47
-44,-4,47
-42,-4,48
-42,-4,48
-42,-4,48
-41,-4,48
-42,-4,48
-42,-5,47
-42,-4,47
-42,-4,48
-41,-4,48
-42,-4,48
-42,-4,48
-42,-4,48
-42,-4,48
-42,-4,48
-42,-4,48
-42,-4,48
-42,-4,48
-42,-4,48
-42,-4,48
-42,-4,48
-42,-4,48
-42,-4,47
-42,-4,48
-43,-4,47
-42,-4,47
-42,-4,47
-42,-4,48
-41,-4,48
-39,-5,49
-40,-5,48
-40,-6,48
-42,-4,47
-44,-3,48
-43,-1,48
-43,-2,49
-41,-3,49
-44,-5,45
-44,-6,44
-44,-5,45
-43,-4,47
-42,-3,48
-43,-4,48
-42,-4,48
-42,-5,48
-42,-4,48
-43,-4,47
-43,-4,47
-43,-4,47
-43,-4,47
-42,-4,47
-42,-4,48
-42,-4,48
-43,-3,47
-43,-4,47
-43,-4,46
-42,-4,48
-42,-4,48
-42,-4,48
-43,-4,48
-43,-4,47
-42,-4,48
-43,-4,47
-42,-4,47
-42,-4,47
-41,-4,48
-42,-4,47
-42,-3,48
-42,-4,48
-41,-4,48
-42,-3,48
-43,-3,47
-43,-3,47
-43,-4,47
-43,-4,47
-43,-4,48
-41,-4,48
-42,-3,47
-45,-2,45
-46,-3,44
-45,-3,45
-45,-4,44
-45,-3,45
-45,-3,45
-44,-4,46
-44,-4,46
-45,-4,45
-45,-3,46
-45,-2,46
-44,-2,46
-44,-3,46
-44,-3,46
-45,-3,45
-44,-2,46
-42,-3,46
-43,-5,45
-47,-4,44
-48,-4,44
-46,-2,45
-44,0,47
-43,-1,47
-45,-1,46
-44,-3,45
-47,-5,43
-47,-4,43
-46,-4,44
-43,-2,47
-42,-2,47
-44,-2,46
-46,-3,45
-45,-2,45
-45,-3,45
-46,-3,44
-45,-3,45
-46,-3,44
-44,-3,45
-45,-2,45
-46,-2,45
-46,-1,44
-46,0,45
-45,-2,45
-46,-4,44
-46,-5,43
-48,-5,42
-48,-3,43
-46,-2,44
-46,-2,44
-48,-1,44
-48,-1,43
-48,-2,43
-48,-2,42
-47,-1,42
-49,-3,42
-47,-1,43
-49,-2,41
-50,0,42
-49,-1,41
-50,-1,41
-49,-1,40
-49,-1,40
-49,-1,41
-50,-1,40
-48,0,41
-52,-2,39
-51,-2,40
-51,0,39
-47,1,42
-50,2,39
-43,-1,42
-47,-3,37
-47,2,45
-60,0,32
-60,5,32
-56,7,35
-52,11,40
-52,5,39
-51,3,41
-48,2,44
-46,2,45
-45,2,45
-44,1,47
-42,0,48
-39,-1,50
-39,-2,51
-37,-3,51
-37,-3,52
-38,-4,49
-37,-5,50
-38,-5,50
-39,-5,51
-36,-7,51
-36,-8,50
-37,-8,51
-33,-8,52
-27,-7,53
-25,-6,55
-27,-4,57
-47,-4,58
-41,-10,52
-42,-9,47
-33,-10,49
-33,-9,50
-28,-10,53
-20,-9,55
-33,-7,58
-31,-7,57
-33,-4,51
-41,-9,49
-32,-7,51
-30,-7,54
-24,-8,58
-22,-9,56
-36,-7,56
-34,-5,54
-42,-9,49
-41,-8,51
-30,-8,49
-27,-10,51
-20,-9,58
-28,-7,58
-46,-4,57
-34,-4,51
-44,-9,48
-39,-9,48
-35,-8,50
-27,-7,55
-31,-6,54
-42,-7,55
-35,-5,53
-49,-7,48
-35,-6,50
-32,-7,51
-28,-8,53
-19,-9,58
-14,-9,60
-34,-4,59
-50,-7,52
-39,-4,48
-38,-6,45
-33,-8,52
-29,-8,54
-31,-9,56
-33,-7,55
-41,-6,52
-36,-5,50
-38,-6,49
-41,-8,51
-35,-8,50
-36,-8,51
-32,-7,53
-30,-7,54
-32,-8,54
-33,-7,52
-43,-5,52
-50,-9,49
-40,-4,46
-39,-8,46
-39,-7,51
-36,-7,52
-32,-6,53
-29,-9,52
-27,-8,55
-26,-8,56
-48,-6,52
-40,-6,47
-41,-6,43
-40,-6,51
-41,-6,53
-35,-7,53
-29,-8,51
-30,-9,53
-30,-7,55
-52,-8,48
-43,-5,47
-45,-8,44
-34,-7,52
-31,-8,53
-28,-8,56
-40,-5,54
-51,-7,49
-44,-5,44
-45,-7,47
-36,-8,50
-26,-8,53
-25,-9,56
-26,-9,57
-45,-5,53
-52,-8,47
-47,-5,43
-46,-7,47
-34,-9,49
-23,-9,54
-21,-9,60
-26,-8,59
-52,-5,50
-54,-6,44
-46,-5,42
-42,-7,48
-32,-7,52
-28,-8,54
-31,-8,55
-35,-6,54
-52,-6,45
-42,-6,44
-44,-7,46
-38,-6,51
-37,-7,51
-37,-7,51
-39,-7,49
-41,-6,48
-40,-6,49
-40,-7,48
-39,-6,49
-39,-6,50
-39,-6,50
-39,-6,49
-40,-6,49
-39,-6,49
-38,-7,49
-39,-7,49
-39,-6,49
-39,-6,49
-40,-6,49
-39,-6,49
-39,-7,49
-39,-7,50
-39,-6,50
-39,-6,50
-40,-7,49
-40,-7,49
-39,-6,49
-39,-6,49
-39,-6,49
-39,-6,49
-39,-6,49
-39,-6,50
-39,-6,50
-39,-7,49
-40,-7,48
-40,-7,49
-39,-6,49
-39,-7,49
-40,-7,49
-40,-6,49
-40,-7,49
-40,-6,49
-40,-6,49
-39,-7,48
-40,-7,47
-40,-6,49
-38,-6,51
-40,-6,50
-39,-6,49
-40,-6,50
-40,-6,49
-39,-6,49
-39,-7,49
-40,-7,48
-40,-7,49
-40,-6,48
-40,-6,49
-40,-6,49
-40,-6,49
-40,-6,49
-40,-6,49
-40,-6,49
-40,-6,49
-40,-6,49
-40,-6,49
-40,-6,49
-40,-6,49
-40,-6,49
-40,-6,49
-40,-6,49
-40,-6,49
-40,-6,49
-40,-6,49
-40,-6,49
-40,-6,49
-40,-6,49
-40,-6,49
-40,-6,49
-40,-6,49
-40,-6,49
-41,-6,49
-41,-6,48
-42,-6,49
-40,-6,48
-40,-6,48
-41,-6,48
-41,-6,48
-41,-6,48
-41,-6,49
-40,-6,49
-41,-6,48
-41,-6,48
-40,-6,48
-40,-6,48
-40,-7,49
-40,-6,49
-41,-7,48
-41,-6,48
-40,-6,49
-40,-6,48
-40,-6,48
-40,-6,49
-39,-7,48
-40,-8,47
-41,-5,48
-40,-4,51
-40,-5,50
-40,-5,50
-40,-6,49
-40,-6,49
-39,-6,49
-39,-7,48
-41,-6,49
-40,-5,49
-40,-6,49
-39,-6,49
-39,-7,49
-39,-7,48
-40,-6,48
-41,-6,48
-40,-6,49
-39,-9,47
-40,-7,47
-42,-4,51
-39,-3,52
-39,-3,51
-41,-6,48
-41,-7,48
-40,-7,48
-40,-6,49
-40,-6,49
-39,-6,49
-40,-6,49
-40,-6,48
-39,-6,49
-39,-7,49
-40,-7,48
-41,-6,48
-40,-5,49
-41,-4,49
-40,-3,51
-40,-5,49
-39,-6,46
-44,-7,47
-39,-3,51
-38,-6,50
-36,-7,51
-41,-6,48
-41,-6,48
-42,-5,48
-41,-5,48
-41,-4,49
-42,-5,48
-42,-5,49
-41,-5,49
-41,-5,49
-41,-5,49
-41,-6,48
-41,-6,47
-41,-6,47
-41,-6,48
-42,-5,48
-41,-5,48
-43,-5,47
-43,-5,47
-40,-5,48
-40,-6,51
-40,-7,49
-48,-4,42
-44,-4,47
-42,-5,49
-41,-5,48
-44,-6,46
-43,-6,46
-41,-4,47
-42,-4,48
-43,-4,47
-44,-5,46
-44,-5,46
-43,-4,47
-44,-5,46
-44,-5,46
-43,-4,47
-44,-4,46
-43,-5,47
-43,-5,47
-43,-5,46
-43,-5,47
-42,-5,48
-42,-5,47
-42,-5,47
-43,-5,47
-43,-3,48
-42,-4,48
-41,-6,48
-40,-6,47
-41,-6,47
-43,-4,48
-43,-3,48
-43,-4,47
-43,-5,47
-43,-5,47
-42,-5,48
-42,-5,48
-43,-4,48
-43,-4,47
-42,-5,47
-42,-5,48
-41,-6,48
-41,-6,47
-41,-6,48
-41,-5,48
-42,-5,48
-43,-4,47
-43,-4,47
-41,-5,48
-41,-5,48
-41,-5,48
-42,-5,48
-42,-5,47
-41,-5,48
-41,-4,48
-42,-5,48
-42,-5,48
-38,-6,48
-22,-6,37
-30,-7,46
-91,13,65
-96,3,52
4,6,70
-26,-18,37
-39,-24,25
-85,-26,-20
-103,-7,-13
-92,-11,8
-48,-13,9
34,10,35
47,2,80
-25,-17,97
-53,-12,76
-66,-16,45
-56,-10,30
-51,-7,28
-41,-13,26
-38,-16,28
-40,-19,32
-52,-19,35
-55,-14,39
-54,-9,42
-51,-11,46
-48,-10,44
-43,-9,43
-45,-9,42
-47,-12,43
-47,-12,43
-49,-13,39
-47,-12,42
-46,-11,44
-44,-8,46
-39,-7,47
-27,-4,46
-32,-1,54
-38,1,62
-57,1,57
-47,-2,47
-45,-2,43
-42,-4,37
-43,-9,36
-42,-10,48
-41,-15,51
-43,-14,48
-35,-10,47
-39,-7,45
-39,-7,43
-38,-3,45
-46,-2,52
-65,2,54
-23,-2,53
-35,-5,48
-40,-6,49
-38,-5,49
-37,-4,49
-44,-3,48
-42,-1,48
-42,-1,46
-44,-1,47
-43,-2,47
-41,-2,48
-43,-3,46
-43,-1,48
-43,-2,47
-43,-2,47
-41,-2,45
-45,-3,45
-46,-3,45
-46,-1,44
-47,-2,44
-47,-1,44
-48,0,44
-48,-1,43
-47,-1,43
-48,1,43
-47,2,43
-48,3,43
-50,3,43
-48,1,43
-47,-3,43
-48,-3,42
-47,-4,41
-47,-3,41
-49,-1,41
-48,-1,43
-48,-1,43
-47,-2,42
-48,-1,43
-49,-1,42
-49,0,42
-52,0,40
-52,0,40
-50,-1,41
-51,-3,38
-49,-3,39
-49,-3,40
-48,-2,41
-45,-6,37
-49,-2,32
-51,-2,38
-48,3,47
-46,3,54
-43,3,50
-58,-2,34
-51,-4,34
-53,-5,34
-55,-3,33
-54,-3,31
-56,-3,32
-51,-2,37
-52,-2,38
-49,-2,42
-43,-2,43
-47,-3,38
-56,0,33
-61,0,30
-60,0,30
-61,2,28
-61,1,28
-45,0,38
-44,-3,42
-46,-2,41
-52,-1,36
-55,1,36
-56,0,34
-53,0,36
-56,-1,34
-56,-2,32
-53,0,31
-60,-1,30
-58,0,33
-56,-1,33
-54,-1,34
-54,-1,35
-52,1,37
-56,1,34
-57,0,31
-57,0,28
-57,-1,25
-54,-1,35
-53,-1,37
-54,-2,32
-57,2,34
-54,0,34
-53,1,33
-60,1,29
-59,1,28
-60,1,26
-65,-4,12
-71,-4,16
-60,-3,26
-46,3,39
-53,6,34
-60,1,25
-62,5,22
-61,5,20
-62,8,23
-64,8,19
-66,3,17
-61,9,19
-63,4,21
-59,8,26
-58,7,26
-59,7,25
-62,8,24
-55,13,30
-61,8,29
-66,4,25
-46,6,40
-43,10,43
-46,6,44
-57,5,37
-50,3,38
-55,-2,39
-48,-6,43
-34,-6,50
-43,-1,47
-42,3,50
-53,10,42
-45,13,43
-44,7,45
-42,-1,50
-43,4,55
-45,8,53
-40,-5,48
-30,-9,52
-31,-9,50
-35,-7,48
-37,-7,45
-40,-3,46
-44,-4,47
-40,-5,49
-42,-4,46
-47,-4,43
-50,-6,41
-53,-5,39
-46,-2,45
-50,1,47
-37,-4,47
-35,-2,51
-40,-3,53
-48,-5,44
-50,-9,43
-52,-10,42
-48,-6,40
-49,-5,36
-56,-4,25
-52,-1,29
-58,2,23
-61,4,18
-65,10,14
-63,18,25
-69,17,1
-71,10,-10
-63,4,-5
-70,6,-7
-64,6,-8
-67,1,-33
-70,0,-34
-69,-3,-34
-66,-12,-19
-31,-2,37
-64,-3,9
-67,-2,-5
-67,0,0
-67,-1,-2
-67,-1,-4
-67,-2,-2
-62,6,3
-66,-5,0
-64,-4,0
-64,-7,0
-65,-5,2
-65,-4,1
-64,-5,1
-63,-4,1
-64,-3,0
-67,-3,-3
-66,-3,-3
-66,-3,-2
-65,-3,-1
-64,-4,-2
-64,-5,-4
-66,-4,-4
-66,-4,-4
-66,-4,-3
-63,-4,0
-67,-6,-1
-64,-5,-1
-65,-4,-3
-67,-4,-4
-63,-2,-2
-63,-3,-1
-63,-7,0
-63,-6,-2
-67,-4,-5
-69,-3,-6
-67,-3,-4
-67,-4,-4
-63,-5,-1
-62,-5,-1
-65,-7,-2
-65,-4,1
-66,-3,1
-66,-3,1
-66,-4,-1
-66,-4,-1
-63,-5,0
-65,-7,1
-64,-6,2
-65,-4,3
-66,-4,2
-66,-5,2
-65,-7,2
-64,-8,3
-63,-8,3
-64,-5,6
-64,-6,7
-64,-6,7
-65,-6,5
-67,-7,4
-65,-6,4
-64,-8,4
-62,-9,7
-63,-6,11
-61,-5,17
-62,-6,15
-64,-5,10
-65,-5,7
-63,-7,6
-65,-8,5
-66,-7,7
-65,-7,8
-64,-7,9
-62,-6,11
-63,-8,12
-62,-6,13
-62,-7,13
-64,-7,12
-64,-6,11
-65,-7,10
-64,-6,11
-62,-7,12
-61,-7,13
-64,-6,13
-57,-7,18
-60,-5,16
-69,-5,6
-71,-6,1
-68,-4,-3
-63,-7,0
-63,-7,0
-67,-5,1
-67,-6,3
-65,-5,5
-63,-6,8
-64,-5,7
-65,-5,6
-64,-6,7
-64,-6,6
-65,-6,6
-65,-6,7
-64,-6,7
-63,-6,9
-64,-6,9
-64,-7,8
-63,-6,8
-65,-6,8
-65,-6,8
-64,-6,8
-64,-6,9
-64,-7,9
-63,-6,9
-64,-6,10
-64,-6,9
-65,-6,9
-64,-6,10
-63,-7,9
-63,-7,9
-64,-7,8
-64,-6,8
-64,-6,9
-64,-6,9
-64,-6,8
-64,-7,7
-64,-6,7
-65,-6,7
-65,-5,7
-65,-5,8
-64,-6,8
-63,-7,8
-63,-6,8
-64,-6,7
-65,-6,6
-65,-6,5
-65,-6,5
-64,-6,6
-65,-6,6
-64,-6,7
-64,-6,7
-65,-6,6
-65,-6,6
-63,-7,7
-64,-6,7
-64,-6,7
-64,-6,7
-64,-6,7
-65,-6,6
-64,-6,5
-65,-6,6
-65,-6,6
-65,-6,6
-64,-7,7
-64,-7,8
-61,-7,10
-65,-6,8
-64,-7,10
-64,-6,10
-64,-7,10
-62,-7,11
-64,-6,12
-64,-7,12
-63,-6,13
-63,-7,11
-64,-7,11
-63,-8,12
-62,-8,13
-62,-8,13
-61,-7,16
-64,-5,15
-63,-6,16
-62,-6,17
-62,-7,17
-60,-7,17
-63,-7,16
-63,-7,16
-65,-7,14
-63,-6,15
-62,-6,18
-61,-8,18
-60,-8,18
-61,-8,18
-61,-7,19
-62,-7,19
-62,-6,18
-62,-8,18
-61,-8,18
-63,-8,17
-61,-6,19
-61,-7,19
-60,-7,20
-60,-7,20
-60,-7,20
-63,-7,18
-64,-6,18
-61,-7,19
-62,-6,18
-62,-6,18
-61,-7,19
-61,-7,18
-61,-6,19
-62,-6,19
-62,-5,18
-63,-5,18
-62,-7,17
-61,-8,18
-60,-7,19
-62,-7,18
-62,-6,18
-62,-6,18
-63,-6,17
-62,-6,18
-62,-6,18
-63,-6,17
-63,-6,17
-62,-7,17
-62,-7,17
-62,-6,17
-62,-6,17
-62,-6,17
-62,-6,17
-62,-7,16
-61,-7,17
-61,-6,19
-62,-6,19
-62,-5,19
-62,-6,18
-61,-6,19
-61,-6,19
-61,-6,18
-62,-6,17
-62,-6,17
-59,-6,20
-52,-7,21
-59,-6,14
-67,-5,3
-71,-5,-1
-65,-6,-5
-67,-6,-8
-66,-7,-6
-66,-5,-5
-67,-5,-3
-67,-4,-2
-67,-4,0
-66,-4,2
-64,-4,2
-66,-5,-2
-66,-5,-4
-68,-6,-7
-61,-6,-3
-61,-7,-4
-64,-6,-4
-65,-6,-3
-65,-5,-3
-65,-6,-3
-64,-6,-3
-65,-6,-3
-65,-6,-3
-64,-5,-3
-65,-6,-2
-65,-5,-3
-64,-6,-3
-66,-5,-3
-63,-6,-2
-64,-6,-3
-65,-6,-3
-66,-5,-3
-66,-5,-3
-64,-5,-3
-65,-6,-3
-65,-5,-3
-65,-5,-3
-65,-5,-3
-65,-5,-3
-65,-5,-3
-65,-5,-3
-65,-5,-3
-64,-6,-3
-65,-5,-3
-65,-5,-4
-64,-5,-3
-65,-5,-2
-64,-6,-3
-64,-6,-3
-65,-6,-3
-65,-5,-4
-64,-6,-3
-65,-6,-4
-65,-5,-3
-65,-5,-2
-65,-5,-1
-65,-5,-2
-65,-5,-2
-65,-6,-3
-65,-5,-3
-68,-5,-3
-63,-6,-2
-66,-5,-2
-64,-5,-1
-64,-5,-1
-65,-5,-1
-65,-5,-1
-65,-5,-1
-65,-5,-1
-65,-5,-1
-65,-5,-1
-66,-5,-1
-63,-6,0
-65,-5,-1
-65,-5,-1
-65,-5,0
-65,-5,-1
-65,-5,0
-65,-5,-1
-65,-5,-1
-65,-5,0
-65,-5,-1
-65,-5,-1
-64,-6,-3
-66,-5,0
-65,-5,1
-64,-5,2
-65,-5,0
-65,-5,0
-65,-5,0
-65,-5,1
-65,-5,1
-65,-5,1
-65,-5,0
-65,-5,0
-65,-5,1
-64,-5,1
-65,-5,0
-65,-5,1
-65,-5,1
-65,-5,1
-65,-5,0
-66,-6,0
-62,-6,2
-65,-6,0
-65,-5,1
-65,-5,1
-64,-5,1
-65,-5,1
-65,-5,1
-65,-5,1
-65,-5,2
-64,-5,2
-65,-5,2
-65,-5,1
-65,-5,2
-65,-5,2
-65,-5,2
-65,-5,2
-65,-5,2
-65,-5,2
-65,-5,2
-65,-5,1
-65,-5,1
-68,-5,1
-61,-6,5
-62,-6,5
-64,-5,5
-65,-5,4
-64,-6,4
-65,-5,4
-65,-5,4
-64,-6,4
-64,-5,4
-65,-5,3
-65,-5,3
-66,-5,5
-62,-6,8
-64,-5,7
-64,-5,6
-65,-5,5
-64,-5,5
-64,-5,6
-64,-5,6
-64,-5,6
-65,-5,6
-65,-5,5
-65,-5,5
-65,-5,5
-65,-5,5
-66,-5,7
-63,-6,8
-65,-5,8
-64,-6,8
-64,-6,8
-64,-5,8
-64,-5,7
-64,-5,8
-64,-6,7
-63,-6,8
-63,-5,9
-64,-5,8
-65,-5,7
-65,-6,6
-64,-5,6
-65,-5,6
-64,-5,7
-63,-5,7
-63,-6,7
-66,-5,6
-65,-5,6
-64,-6,6
-65,-6,6
-64,-5,7
-64,-5,6
-65,-5,6
-64,-5,6
-64,-5,6
-65,-5,6
-64,-5,6
-64,-5,6
-64,-5,6
-64,-6,5
-65,-5,5
-65,-5,4
-65,-6,4
-64,-5,4
-64,-6,5
-64,-5,5
-64,-5,5
-65,-6,2
-64,-5,1
-68,-6,-3
-70,-5,-3
-65,-6,-3
-67,-5,-5
-67,-5,-4
-62,-6,-1
-67,-5,-4
-65,-5,-4
-63,-6,-5
-66,-6,-7
-65,-5,-7
-64,-5,-8
-64,-5,-10
-65,-5,-10
-65,-5,-12
-66,-5,-14
-66,-5,-15
-64,-5,-10
-63,-5,-6
-63,-5,-5
-64,-5,-6
-64,-5,-7
-65,-5,-7
-64,-5,-6
-64,-5,-6
-64,-5,-7
-64,-5,-6
-65,-5,-6
-65,-5,-6
-64,-5,-7
-64,-5,-6
-64,-5,-6
-65,-5,-6
-65,-5,-6
-65,-5,-6
-65,-5,-6
-65,-5,-6
-64,-5,-6
-65,-5,-6
-65,-5,-6
-64,-5,-6
-65,-5,-6
-65,-5,-6
-65,-5,-6
-65,-5,-6
-64,-5,-6
-65,-5,-6
-65,-5,-6
-64,-5,-6
-64,-5,-6
-65,-5,-6
-64,-5,-6
-65,-5,-6
-65,-5,-6
-64,-5,-6
-64,-6,-6
-65,-5,-6
-65,-5,-6
-65,-5,-6
-64,-5,-6
-64,-5,-5
-65,-5,-5
-65,-5,-6
-65,-5,-6
-65,-5,-6
-64,-5,-6
-65,-5,-6
-65,-5,-6
-65,-5,-6
-65,-5,-6
-64,-5,-6
-65,-5,-6
-65,-5,-6
-64,-5,-6
-65,-5,-6
-65,-5,-6
-65,-5,-6
-64,-5,-6
-65,-5,-6
-65,-5,-7
-65,-5,-7
-65,-5,-6
-65,-5,-6
-64,-5,-6
-65,-5,-6
-65,-5,-6
-65,-5,-6
-65,-5,-6
-64,-5,-6
-65,-5,-6
-65,-5,-6
-65,-5,-6
-65,-5,-6
-65,-5,-6
-65,-5,-6
-65,-5,-6
-65,-5,-6
-65,-5,-6
-65,-5,-6
-65,-5,-6
-65,-5,-6
-65,-5,-6
-65,-5,-6
-65,-5,-6
-65,-5,-6
-65,-5,-6
-65,-5,-5
-65,-5,-6
-65,-5,-6
-65,-5,-6
-65,-5,-6
-65,-5,-6
-65,-5,-6
-65,-5,-5
-64,-6,-6
-65,-5,-6
-65,-5,-6
-65,-5,-6
-65,-5,-6
-64,-5,-6
-65,-5,-6
-65,-5,-6
-65,-5,-6
-65,-5,-5
-65,-5,-5
-65,-5,-5
-65,-5,-5
-65,-5,-5
-65,-5,-5
-64,-5,-4
-66,-5,-6
-61,-5,-4
-66,-5,-6
-65,-5,-6
-64,-5,-4
-64,-5,-3
-64,-5,-4
-65,-5,-5
-66,-5,-5
-65,-5,-4
-66,-5,-4
-64,-5,-3
-65,-5,-4
-65,-5,-4
-65,-5,-5
-66,-5,-5
-63,-6,-4
-65,-5,-4
-65,-5,-4
-65,-5,-4
-65,-5,-3
-65,-5,-3
-65,-5,-3
-65,-5,-3
-64,-5,-3
-65,-5,-3
-65,-5,-3
-65,-5,-4
-65,-5,-4
-65,-5,-3
-65,-5,-4
-65,-5,-4
-65,-5,-3
-65,-5,-4
-65,-5,-3
-65,-5,-4
-65,-5,-3
-65,-5,-3
-65,-5,-3
-65,-5,-3
-65,-5,-3
-65,-5,-3
-65,-5,-3
-65,-5,-3
-65,-5,-3
-65,-5,-3
-65,-5,-3
-65,-5,-3
-65,-5,-3
-65,-5,-3
-65,-5,-3
-65,-5,-2
-65,-5,-3
-65,-5,-3
-65,-5,-3
-65,-5,-3
-65,-5,-2
-65,-5,-3
-65,-5,-3
-65,-5,-2
-65,-5,-3
-66,-4,-3
-65,-5,-2
-65,-5,-2
-65,-6,-2
-65,-6,-2
-64,-6,-2
-64,-6,-1
-64,-6,0
-66,-5,1
-65,-5,0
-64,-6,1
-63,-6,1
-65,-6,-1
-66,-5,-2
-66,-5,-2
-65,-5,-3
-66,-5,-4
-67,-5,-4
-63,-6,-2
-65,-5,-3
-65,-5,-2
-65,-6,-2
-64,-5,-1
-64,-5,-1
-65,-5,-1
-65,-5,-2
-65,-5,-2
-65,-6,-3
-67,-6,-3
-62,-6,-2
-66,-5,-2
-65,-5,-2
-64,-5,-1
-69,-5,-2
-63,-5,1
-62,-5,0
-69,-4,-1
-65,-4,-1
-65,-5,-2
-66,-5,-2
-64,-5,-1
-65,-4,-1
-65,-5,0
-65,-5,0
-66,-5,0
-66,-5,0
-64,-5,-1
-67,-4,-2
-67,-5,-1
-66,-4,0
-64,-6,0
-64,-5,1
-64,-5,1
-63,-5,2
-63,-5,3
-65,-4,-1
-66,-5,-5
-64,-4,-6
-64,-5,-3
-63,-5,-3
-64,-4,-6
-66,-4,-12
-68,-4,-14
-67,-4,-15
-67,-3,-15
-65,-3,-11
-64,-4,-8
-63,-5,-6
-63,-5,-4
-64,-4,-8
-64,-4,-10
-66,-3,-14
-65,-4,-11
-63,-4,-8
-62,-4,-7
-63,-4,-9
-67,-3,-13
-63,-3,-12
-61,-2,-11
-66,-2,-15
-67,-2,-14
-64,-3,-11
-65,-4,-7
-65,-5,-3
-62,-4,1
-64,-4,1
-70,-2,1
-64,-3,3
-60,-4,1
-69,-4,-1
-66,-3,2
-65,-3,4
-65,-4,3
-65,-5,4
-65,-4,3
-65,-4,3
-62,-4,4
-67,-6,2
-64,-5,3
-64,-5,3
-65,-5,4
-64,-4,5
-64,-5,3
-65,-5,2
-65,-4,3
-65,-4,3
-65,-4,3
-65,-5,2
-66,-4,1
-65,-4,1
-65,-4,1
-65,-5,0
-65,-5,1
-65,-4,1
-65,-4,3
-65,-5,3
-64,-5,3
-65,-5,3
-64,-4,5
-64,-4,5
-65,-5,5
-64,-5,4
-64,-5,3
-65,-5,2
-65,-5,2
-65,-5,3
-65,-5,3
-65,-5,3
-67,-5,2
-66,-5,3
-63,-4,6
-65,-4,7
-64,-5,7
-65,-6,4
-65,-6,3
-65,-5,3
-65,-5,3
-65,-5,3
-65,-5,3
-64,-5,3
-65,-5,3
-64,-6,4
-64,-5,4
-64,-5,5
-65,-5,5
-65,-5,5
-65,-5,4
-64,-5,4
-64,-5,4
-66,-5,2
-66,-5,1
-65,-5,2
-65,-5,3
-64,-5,4
-63,-5,5
-64,-5,4
-64,-4,4
-62,-5,3
-67,-5,-1
-69,-4,-3
-67,-4,-3
-65,-4,0
-66,-4,0
-65,-5,1
-63,-5,3
-63,-4,4
-66,-4,2
-64,-4,1
-62,-4,3
-64,-5,4
-63,-5,3
-66,-5,0
-66,-4,0
-64,-4,2
-65,-5,2
-65,-5,3
-64,-5,2
-65,-4,1
-65,-5,2
-65,-4,2
-65,-4,1
-64,-5,0
-63,-5,1
-66,-5,2
-63,-5,3
-65,-4,2
-66,-4,0
-66,-4,0
-65,-5,0
-65,-5,0
-65,-4,1
-65,-4,1
-64,-4,2
-65,-5,1
-65,-5,-1
-66,-4,-1
-65,-4,0
-64,-5,2
-64,-5,1
-65,-4,-1
-66,-4,-2
-68,-4,-3
-65,-5,-1
-60,-5,4
-68,-5,1
-65,-3,5
-64,-5,9
-64,-6,9
-60,-7,7
-62,-5,6
-67,-5,2
-64,-6,4
-63,-7,4
-64,-5,2
-66,-4,1
-65,-4,1
-66,-4,-2
-68,-5,-4
-68,-4,0
-58,-5,9
-63,-6,8
-61,-7,7
-64,-5,0
-66,-5,-3
-69,-4,-7
-65,-5,-4
-67,-5,-4
-66,-5,-3
-63,-5,3
-62,-5,5
-62,-5,6
-67,-4,2
-65,-5,2
-65,-5,2
-65,-5,2
-65,-5,2
-66,-5,1
-66,-4,0
-66,-5,0
-65,-6,4
-63,-6,6
-66,-4,6
-63,-5,5
-64,-5,4
-65,-6,2
-72,-6,-3
-83,-4,-8
-68,-2,7
-52,-3,22
-48,-7,50
-57,-2,40
-55,-3,39
-57,-5,40
-26,-15,49
-15,-18,48
-27,-12,57
-15,-14,53
-15,-16,55
-16,-21,56
-20,-24,50
-27,-26,49
-36,-20,43
-37,-17,45
-29,-17,56
-26,-19,52
-23,-19,55
-19,-20,56
-20,-20,54
-24,-19,54
-25,-18,56
-25,-17,55
-28,-18,53
-28,-18,54
-25,-18,52
-23,-17,53
-11,-20,59
-12,-17,57
-34,-13,45
-54,-16,36
-54,-10,39
-56,-9,31
-57,-10,12
-53,-12,5
-59,-16,-7
-68,-18,-16
-85,-2,-3
-82,15,24
-46,-8,-1
-82,5,-3
-72,-6,-10
-67,2,-1
-59,0,0
-66,-2,-2
-70,-2,-1
-62,-2,0
-67,1,-6
-65,-1,-5
-65,-3,-5
-65,2,-1
-61,0,0
-64,2,-5
-69,0,-10
-74,0,-14
-65,-3,-5
-67,-4,-4
-60,-3,1
-62,-6,0
-62,-9,0
-62,-9,2
-63,-3,4
-65,-4,2
-66,-3,-1
-65,-4,-3
-65,-3,-3
-67,-3,-3
-67,-4,-2
-66,-2,0
-65,-4,0
-68,-2,-1
-68,0,-1
-66,-5,-1
-64,-3,1
-63,-6,6
-63,-7,8
-63,-7,9
-59,-5,12
-64,-5,8
-66,-5,7
-64,-5,7
-64,-5,6
-65,-4,6
-65,-4,6
-67,-4,6
-62,-5,8
-68,-3,5
-68,-4,5
-63,-4,7
-63,-5,8
-64,-4,7
-65,-4,6
-65,-4,7
-64,-4,8
-64,-5,8
-64,-5,7
-64,-5,7
-64,-4,8
-64,-4,8
-64,-5,8
-64,-5,8
-64,-5,8
-64,-5,7
-64,-5,7
-64,-5,8
-64,-4,7
-65,-4,7
-64,-4,7
-64,-5,7
-64,-5,7
-65,-4,7
-64,-4,7
-65,-4,7
-65,-4,7
-64,-4,7
-64,-4,7
-65,-4,7
-64,-4,7
-64,-4,7
-64,-4,7
-64,-4,7
-65,-4,7
-64,-4,7
-64,-4,7
-65,-4,7
-64,-5,7
-64,-4,7
-63,-4,9
-64,-5,8
-64,-4,8
-64,-4,8
-64,-4,8
-64,-4,8
-64,-5,7
-65,-4,7
-64,-4,8
-64,-4,8
-64,-4,7
-64,-4,7
-64,-4,8
-64,-4,7
-65,-4,7
-61,-4,9
-63,-6,7
-64,-4,7
-65,-5,7
-64,-5,8
-64,-4,8
-64,-4,8
-64,-4,8
-64,-4,8
-64,-4,8
-64,-4,8
-64,-4,8
-64,-4,8
-64,-4,8
-64,-4,8
-64,-4,8
-64,-4,8
-64,-4,8
-64,-5,8
-64,-5,8
-64,-4,9
-65,-4,8
-64,-5,8
-64,-4,8
-64,-4,8
-63,-4,9
-63,-4,9
-65,-5,8
-65,-4,7
-65,-4,6
-65,-4,6
-65,-4,7
-64,-4,7
-64,-4,7
-64,-5,7
-64,-4,8
-64,-5,8
-64,-4,8
-64,-4,8
-64,-5,8
-64,-4,8
-64,-5,8
-64,-5,8
-64,-4,8
-65,-4,7
-64,-4,8
-64,-4,8
-64,-4,8
-64,-5,8
-64,-4,8
-64,-4,8
-64,-5,8
-64,-4,8
-64,-5,8
-64,-4,7
-64,-5,7
-64,-5,7
-64,-5,7
-64,-4,8
-64,-5,7
-65,-5,7
-64,-4,7
-64,-4,7
-64,-5,7
-64,-4,7
-65,-5,7
-64,-5,7
-64,-5,7
-64,-5,7
-64,-4,7
-64,-4,7
-65,-5,7
-64,-5,7
-64,-5,7
-64,-4,7
-64,-4,7
-64,-5,7
-64,-4,7
-64,-5,7
-64,-4,7
-64,-4,7
-65,-5,7
-64,-4,7
-64,-4,7
-65,-4,7
-64,-5,7
-64,-4,7
-64,-4,7
-65,-4,7
-64,-4,7
-64,-5,7
-64,-4,7
-65,-4,7
-64,-4,7
-64,-4,7
-64,-5,7
-64,-4,7
-64,-5,7
-64,-4,7
-64,-5,7
-64,-5,7
-64,-5,7
-65,-4,7
-64,-4,7
-64,-5,7
-64,-5,7
-64,-5,7
-65,-4,7
-64,-5,7
-64,-5,7
-64,-5,7
-64,-5,7
-64,-4,7
-65,-4,6
-65,-4,7
-65,-4,7
-63,-5,8
-64,-5,8
-64,-5,7
-65,-4,7
-64,-4,7
-64,-4,7
-65,-5,6
-66,-3,7
-65,-5,6
-64,-5,7
-65,-4,7
-64,-4,7
-64,-4,7
-64,-4,7
-64,-4,7
-65,-4,6
-65,-4,6
-64,-4,7
-64,-4,7
-64,-4,7
-65,-4,7
-64,-4,7
-64,-4,7
-64,-4,7
-64,-4,7
-64,-4,7
-64,-4,6
-64,-4,7
-64,-4,6
-64,-4,7
-64,-4,7
-64,-4,7
-64,-4,7
-64,-4,7
-64,-4,6
-64,-4,7
-64,-4,7
-64,-4,7
-65,-4,7
-65,-4,6
-64,-4,7
-64,-4,7
-65,-4,7
-65,-4,6
-64,-4,6
-64,-4,7
-64,-4,7
-64,-4,7
-64,-4,7
-64,-4,7
-64,-4,7
-64,-4,7
-64,-4,7
-64,-4,7
-64,-4,7
-65,-4,7
-65,-4,7
-64,-4,6
-65,-4,7
-64,-4,7
-64,-4,7
-64,-4,7
-64,-4,7
-65,-4,6
-64,-4,7
-64,-4,7
-65,-4,7
-64,-4,7
-64,-4,7
-64,-4,7
-64,-4,7
-64,-4,7
-64,-4,7
-64,-5,7
-64,-4,7
-64,-5,7
-64,-4,7
-64,-4,7
-64,-5,7
-64,-4,7
-64,-4,7
-64,-4,7
-64,-5,7
-64,-5,7
-64,-4,7
-64,-5,8
-64,-4,7
-65,-4,7
-64,-4,7
-64,-4,7
-65,-4,6
-70,-3,6
-63,-5,8
-64,-4,8
-65,-4,8
-64,-4,8
-69,-4,7
-64,-4,10
-70,-4,9
-75,0,17
-73,-1,26
-72,1,41
-71,0,48
-59,-10,54
-66,-13,50
-69,-16,41
-62,-25,31
-52,-25,24
-47,-22,21
-33,-32,8
-26,-36,1
-26,-37,0
-19,-40,3
-11,-42,5
-2,-50,9
-6,-56,10
-9,-57,12
-14,-58,11
-17,-60,10
-19,-59,8
-10,-59,11
-7,-61,10
-7,-60,11
-10,-59,11
-15,-60,8
-13,-60,9
-12,-60,9
-13,-60,7
-15,-61,5
-18,-59,3
-15,-60,5
-4,-61,7
4,-61,11
5,-61,12
2,-62,7
-9,-62,-4
-3,-62,-2
9,-62,3
16,-62,7
13,-61,14
-3,-57,19
-5,-58,18
-1,-58,21
6,-59,20
10,-60,17
9,-60,13
13,-61,9
13,-61,11
9,-60,11
8,-59,17
7,-59,20
10,-58,22
8,-57,21
-12,-58,16
-18,-58,16
-14,-57,18
-8,-59,17
-2,-59,18
-1,-59,17
-1,-59,17
-2,-59,17
-3,-59,17
-3,-59,16
-1,-59,16
0,-60,15
0,-60,15
0,-60,15
-1,-59,16
-2,-59,16
-3,-59,16
-2,-59,16
-2,-59,17
-2,-59,18
-1,-59,19
-3,-59,17
-3,-59,17
-1,-60,17
-3,-59,15
-2,-60,14
0,-60,13
3,-60,12
3,-60,13
4,-60,13
5,-60,13
5,-60,12
3,-60,13
3,-60,14
2,-60,13
3,-60,13
3,-60,13
2,-60,13
2,-60,14
1,-59,15
2,-60,16
2,-60,15
1,-59,15
1,-60,16
1,-59,17
0,-59,16
-1,-59,16
-7,-60,12
-5,-61,1
9,-58,5
24,-57,26
11,-61,21
17,-57,26
30,-62,20
9,-58,4
10,-58,11
3,-58,16
10,-58,17
9,-58,15
12,-59,18
21,-59,19
26,-59,20
21,-59,10
-4,-58,4
-19,-59,-1
-7,-59,14
8,-59,22
5,-59,20
-7,-58,12
-9,-58,11
-4,-57,17
2,-54,27
-1,-52,29
-28,-52,17
-40,-49,19
-41,-51,22
-42,-48,29
-40,-50,29
-33,-50,31
-18,-50,32
-18,-52,28
-21,-53,22
-18,-53,23
-17,-53,24
-16,-53,23
-16,-54,23
-18,-55,22
-18,-54,23
-20,-54,24
-21,-54,23
-20,-54,24
-22,-55,25
-23,-54,25
-20,-54,24
-16,-54,24
-14,-54,24
-18,-54,23
-18,-54,24
-18,-53,23
-19,-54,24
-18,-54,24
-18,-54,25
-18,-54,25
-18,-54,25
-16,-54,26
-15,-54,27
-16,-54,24
-19,-55,18
-17,-56,19
-17,-54,23
-18,-53,28
-19,-53,28
-21,-53,27
-19,-53,27
-20,-54,26
-21,-54,24
-20,-54,22
-20,-55,22
-18,-55,21
-18,-54,22
-18,-55,21
-18,-54,22
-18,-55,23
-20,-54,23
-20,-54,24
-20,-54,23
-20,-54,24
-20,-54,24
-20,-54,24
-20,-54,24
-20,-54,23
-21,-54,23
-20,-54,22
-20,-54,23
-18,-54,24
-17,-54,24
-18,-54,24
-19,-54,23
-20,-54,24
-20,-54,24
-20,-54,24
-20,-54,25
-20,-54,25
-21,-54,23
-20,-54,24
-20,-54,24
-20,-54,23
-20,-54,23
-19,-54,23
-20,-54,23
-20,-54,22
-20,-54,22
-20,-54,23
-20,-54,23
-20,-54,23
-20,-54,23
-20,-54,23
-18,-54,23
-19,-54,23
-18,-54,24
-19,-54,23
-19,-54,23
-19,-54,23
-19,-54,22
-20,-54,22
-20,-54,23
-19,-54,23
-19,-54,23
-18,-54,23
-20,-54,22
-20,-54,23
-20,-54,23
-20,-54,23
-20,-54,23
-20,-54,23
-20,-54,23
-20,-54,23
-20,-54,23
-19,-54,23
-19,-54,23
-20,-54,23
-19,-54,23
-20,-54,23
-20,-54,22
-20,-54,23
-20,-54,23
-20,-54,23
-20,-54,23
-20,-54,23
-19,-54,23
-19,-55,22
-19,-54,22
-19,-54,22
-18,-54,23
-19,-54,22
-19,-54,23
-19,-54,23
-19,-54,23
-19,-54,23
-20,-54,23
-20,-54,23
-19,-54,23
-20,-54,23
-20,-54,23
-20,-54,23
-21,-54,23
-20,-54,23
-19,-54,23
-19,-54,23
-19,-54,22
-18,-54,22
-19,-54,23
-19,-54,23
-19,-54,23
-19,-54,23
-19,-54,24
-19,-54,23
-19,-54,23
-19,-54,24
-20,-54,23
-20,-54,23
-21,-54,24
-19,-54,23
-19,-54,23
-18,-54,23
-18,-54,22
-18,-54,23
-19,-54,23
-19,-54,23
-19,-54,23
-19,-54,23
-19,-54,23
-19,-54,23
-19,-54,23
-19,-54,23
-20,-54,23
-19,-54,23
-19,-54,23
-20,-54,23
-20,-54,23
-20,-54,23
-20,-54,24
-19,-55,23
-19,-54,23
-18,-54,24
-18,-54,23
-17,-54,23
-17,-54,24
-18,-55,23
-19,-54,23
-19,-54,23
-19,-54,24
-19,-54,23
-19,-54,24
-19,-54,23
-19,-54,23
-19,-54,23
-19,-54,23
-19,-54,23
-19,-54,23
-19,-54,23
-19,-54,23
-19,-54,23
-19,-54,23
-19,-54,23
-19,-54,23
-19,-54,23
-19,-54,23
-19,-54,23
-18,-54,23
-19,-54,23
-19,-54,23
-19,-54,23
-19,-54,23
-19,-54,23
-19,-54,23
-19,-54,23
-19,-54,23
-19,-54,23
-19,-54,23
-19,-54,23
-18,-55,23
-18,-54,22
-20,-54,22
-20,-54,22
-19,-54,24
-20,-54,24
-20,-54,24
-20,-54,24
-19,-54,23
-19,-54,23
-20,-54,23
-19,-54,23
-19,-54,23
-19,-54,24
-20,-54,23
-20,-54,23
-20,-54,23
-20,-54,23
-19,-54,23
-19,-54,23
-19,-54,23
-20,-54,23
-20,-54,23
-20,-54,23
-19,-54,23
-19,-54,23
-20,-54,23
-20,-54,23
-20,-54,23
-20,-54,23
-20,-54,24
-20,-54,23
-20,-54,23
-20,-54,23
-20,-54,23
-19,-54,23
-19,-54,23
-20,-54,23
-19,-54,23
-20,-54,23
-20,-54,23
-20,-54,23
-19,-54,23
-20,-54,23
-20,-54,23
-19,-54,23
-20,-54,23
-20,-54,23
-20,-54,23
-20,-54,23
-20,-54,23
-19,-54,22
-19,-54,23
-20,-54,24
-20,-54,23
-20,-54,23
-20,-54,23
-20,-54,23
-19,-54,23
-19,-54,23
-19,-54,23
-19,-54,23
-19,-54,22
-20,-54,22
-20,-54,23
-20,-54,23
-20,-54,23
-20,-54,22
-19,-54,23
-19,-54,23
-20,-54,23
-20,-54,23
-20,-54,23
-20,-54,23
-20,-54,23
-19,-54,23
-20,-54,23
-20,-54,23
-20,-54,23
-20,-54,23
-20,-54,23
-20,-54,23
-20,-54,23
-20,-54,23
-19,-54,23
-20,-54,23
-19,-54,23
-20,-54,23
-20,-54,23
-20,-54,23
-20,-54,23
-20,-54,22
-20,-54,22
-19,-54,23
-20,-54,23
-20,-54,22
-20,-54,22
-20,-54,22
-20,-54,23
-20,-54,23
-21,-54,23
-20,-54,23
-20,-54,23
-20,-54,23
-20,-54,23
-19,-54,23
-19,-54,23
-19,-55,23
-19,-54,23
-19,-54,23
-18,-54,22
-19,-54,23
-20,-54,23
-18,-54,23
-18,-54,23
-19,-54,23
-19,-54,23
-19,-54,23
-19,-54,23
-20,-54,23
-19,-54,23
-19,-54,24
-20,-54,23
-19,-54,23
-20,-54,23
-19,-54,23
-19,-54,23
-19,-54,23
-19,-54,23
-19,-54,23
-19,-54,24
-19,-54,23
-20,-54,23
-20,-54,23
-20,-54,23
-20,-54,23
-19,-54,23
-20,-54,23
-19,-54,24
-20,-54,23
-20,-54,23
-19,-54,23
-18,-54,24
-18,-54,24
-20,-54,23
-20,-54,24
-20,-54,24
-20,-54,23
-20,-54,23
-20,-54,24
-20,-54,23
-19,-54,23
-19,-54,23
-19,-54,23
-19,-54,23
-19,-54,23
-19,-54,23
-19,-54,23
-19,-54,23
-20,-54,23
-19,-54,24
-20,-54,23
-19,-54,24
-20,-54,23
-19,-54,23
-19,-54,23
-19,-54,23
-19,-54,23
-19,-54,23
-19,-54,23
-19,-54,23
-19,-54,24
-20,-54,23
-20,-54,24
-21,-54,24
-19,-54,23
-18,-54,24
-18,-54,23
-18,-54,23
-18,-54,23
-18,-54,23
-19,-54,23
-19,-54,23
-19,-55,23
-19,-54,23
-19,-54,23
-19,-54,24
-18,-54,23
-19,-54,23
-19,-54,23
-19,-54,23
-19,-54,24
-19,-54,23
-19,-54,23
-19,-54,23
-19,-54,23
-19,-54,23
-19,-54,23
-19,-54,23
-19,-54,23
-19,-54,24
-19,-54,23
-19,-54,23
-19,-54,23
-19,-54,23
-19,-54,23
-19,-54,23
-19,-54,23
-19,-54,23
-19,-54,23
-19,-54,23
-18,-54,23
-19,-54,23
-19,-54,23
-19,-54,23
-19,-54,23
-19,-54,23
-19,-54,24
-19,-54,23
-19,-54,23
-19,-54,23
-19,-54,23
-19,-54,23
-19,-54,23
-19,-54,24
-19,-54,23
-18,-54,23
-18,-54,23
-18,-54,23
-18,-54,23
-19,-54,23
-19,-54,23
-19,-54,23
-19,-54,23
-19,-54,23
-19,-54,24
-19,-54,24
-19,-54,23
-19,-54,23
-19,-54,23
-19,-54,23
-19,-54,24
-19,-54,23
-19,-54,23
-19,-54,23
-19,-54,23
-19,-54,23
-19,-54,24
-19,-54,23
-19,-54,23
-19,-54,23
-19,-54,23
-19,-54,23
-19,-54,23
-19,-54,23
-19,-54,23
-19,-54,23
-19,-54,23
-19,-54,23
-19,-54,23
-19,-54,23
-19,-54,23
-19,-54,23
-19,-54,24
-19,-54,23
-19,-54,23
-19,-54,23
-19,-54,23
-19,-54,23
-18,-54,23
-17,-54,25
-20,-54,23
-22,-54,22
-19,-54,23
-18,-54,23
-20,-54,23
-20,-54,23
-19,-54,23
-19,-54,23
-20,-54,23
-19,-54,23
-18,-54,23
-18,-54,24
-19,-54,23
-20,-54,23
-19,-54,23
-19,-54,23
-19,-54,23
-20,-54,23
-19,-54,23
-19,-54,23
-19,-54,23
-19,-54,23
-19,-54,23
-19,-54,23
-19,-54,23
-19,-54,23
-19,-54,23
-19,-54,23
-19,-54,23
-19,-54,23
-19,-54,23
-19,-54,23
-19,-54,23
-19,-54,23
-19,-54,23
-19,-54,23
-19,-54,23
-19,-54,23
-20,-54,23
-19,-54,23
-19,-54,23
-19,-54,23
-18,-55,23
-18,-54,24
-19,-54,24
-19,-54,23
-20,-54,23
-20,-54,23
-20,-54,23
-19,-54,23
-18,-54,23
-19,-54,23
-18,-54,23
-18,-55,23
-18,-54,23
-19,-54,23
-19,-54,23
-19,-54,23
-19,-54,23
-19,-54,23
-19,-54,24
-19,-54,24
-20,-54,23
-19,-54,23
-19,-54,23
-19,-54,23
-19,-54,23
-19,-54,23
-19,-54,23
-19,-54,23
-19,-54,23
-19,-54,23
-19,-54,23
-19,-54,23
-19,-54,23
-19,-54,23
-19,-54,23
-19,-54,23
-19,-54,23
-19,-54,23
-19,-54,23
-18,-54,23
-19,-54,24
-19,-54,23
-19,-54,23
-19,-54,23
-19,-54,23
-19,-54,23
-18,-54,23
-19,-54,24
-18,-54,23
-19,-54,23
-19,-54,23
-18,-54,23
-19,-54,23
-19,-54,23
-19,-54,23
-19,-54,23
-19,-54,23
-19,-54,23
-19,-54,23
-19,-54,23
-19,-54,23
-19,-54,23
-18,-54,23
-19,-54,23
-19,-54,23
-19,-54,23
-19,-54,23
-19,-54,23
-19,-54,23
-19,-54,23
-19,-54,23
-18,-54,23
-19,-54,23
-19,-54,23
-19,-54,23
-19,-54,23
-19,-54,23
-19,-54,23
-19,-54,23
-19,-54,23
-19,-54,23
-19,-54,23
-19,-54,23
-19,-54,23
-19,-54,23
-19,-54,23
-19,-54,24
-19,-54,23
-19,-54,23
-19,-54,23
-18,-54,23
-18,-54,23
-19,-54,24
-18,-54,23
-18,-54,23
-18,-54,23
-19,-54,23
-18,-54,23
-19,-54,23
-18,-54,23
-19,-54,23
-19,-54,23
-19,-54,23
-19,-54,23
-19,-54,24
-19,-54,23
-19,-54,23
-19,-54,23
-19,-54,23
-19,-54,24
-19,-54,23
-19,-54,23
-19,-54,23
-19,-54,23
-19,-54,23
-19,-54,23
-19,-55,21
-20,-55,22
-20,-54,24
-19,-54,25
-20,-54,25
-20,-54,25
-19,-54,25
-21,-53,27
-17,-54,26
-17,-54,25
-15,-56,22
-13,-56,23
-13,-55,23
-13,-56,23
-13,-57,20
-10,-56,20
-3,-57,20
-9,-58,24
-9,-57,23
-13,-56,18
-14,-56,20
-12,-57,22
-15,-57,20
-13,-57,21
-16,-52,19
-13,-57,21
-10,-56,23
-14,-57,21
-16,-56,22
-17,-57,22
-1,-53,27
-21,-57,19
-14,-55,22
-15,-56,24
-43,-54,-1
-10,-51,28
-19,-55,23
-17,-56,23
-15,-55,24
-18,-55,22
-16,-56,23
-16,-55,24
-13,-55,24
-14,-54,24
-18,-56,22
-18,-54,22
-16,-56,23
-16,-59,23
-17,-58,23
-18,-56,22
-29,-45,16
-8,-56,19
-13,-56,21
-17,-56,19
-15,-55,21
20,-47,37
-11,-57,27
-24,-53,24
-25,-54,21
-23,-52,22
-14,-54,24
-16,-55,23
-17,-58,19
-15,-56,18
-21,-58,15
-23,-58,14
-21,-56,15
-22,-54,16
-20,-61,13
-25,-58,13
-23,-56,13
-26,-61,11
-22,-61,11
-17,-53,17
-21,-62,12
-29,-29,17
6,-2,43
-25,-66,16
-18,-54,20
-23,-58,17
-13,-56,20
-14,-55,21
-17,-54,20
-20,-55,21
-18,-55,22
-18,-56,21
-18,-56,20
-18,-55,20
-17,-55,21
-18,-56,20
-19,-55,20
-18,-55,20
-18,-56,21
-18,-55,20
-18,-56,20
-18,-56,20
-18,-55,21
-18,-55,21
-23,-60,19
-18,-51,22
-17,-56,22
-11,-47,30
-25,-62,10
-20,-56,21
-15,-56,22
-17,-56,22
-18,-56,21
-18,-56,21
-16,-55,22
-19,-56,22
-19,-55,21
-17,-55,22
-17,-55,22
-17,-55,21
-17,-56,21
-17,-55,21
-17,-56,21
-17,-55,21
-17,-55,22
-17,-56,21
-17,-55,21
-17,-55,21
-17,-56,21
-17,-56,21
-17,-55,21
-16,-56,21
-17,-55,21
-18,-55,22
-18,-55,22
-18,-55,21
-17,-55,22
-18,-55,22
-17,-55,22
-17,-55,21
-17,-55,21
-17,-55,22
-18,-55,22
-18,-55,22
-18,-55,22
-19,-55,22
-19,-55,22
-18,-55,22
-18,-55,22
-17,-55,22
-17,-55,22
-17,-55,22
-17,-55,22
-17,-55,22
-17,-55,22
-17,-55,22
-18,-55,22
-18,-55,22
-18,-55,22
-17,-55,22
-17,-55,22
-18,-56,22
-17,-55,22
-17,-55,22
-18,-55,22
-18,-55,22
-17,-55,22
-18,-55,22
-18,-55,22
-17,-55,22
-17,-55,22
-18,-55,22
-18,-55,22
-17,-55,22
-17,-55,21
-17,-55,22
-18,-55,22
-18,-55,22
-18,-55,22
-18,-55,22
-18,-55,22
-18,-55,22
-18,-55,22
-18,-55,22
-18,-55,21
-18,-55,22
-18,-55,22
-18,-55,22
-18,-55,22
-17,-55,22
-17,-56,22
-17,-55,21
-17,-55,21
-18,-55,22
-18,-55,21
-17,-55,22
-17,-55,22
-18,-55,21
-17,-55,21
-17,-55,21
-18,-55,22
-18,-55,22
-18,-55,22
-18,-55,22
-18,-55,21
-17,-55,22
-18,-55,22
-18,-55,22
-18,-55,22
-18,-55,22
-18,-55,22
-18,-55,21
-18,-55,22
-18,-55,22
-18,-55,22
-18,-55,22
-18,-55,22
-18,-55,22
-18,-55,22
-18,-55,22
-18,-55,22
-18,-55,22
-18,-55,22
-18,-55,22
-18,-55,22
-18,-55,21
-18,-55,22
-18,-55,22
-18,-55,22
-17,-55,22
-18,-55,22
-18,-55,22
-18,-55,22
-18,-55,22
-18,-55,21
-17,-55,22
-18,-55,22
-18,-55,22
-18,-55,22
-17,-55,22
-18,-55,22
-18,-55,21
-18,-55,22
-17,-55,22
-18,-55,22
-18,-55,22
-17,-55,22
-18,-55,22
-18,-55,22
-18,-55,22
-18,-55,22
-17,-55,22
-18,-55,21
-18,-55,22
-18,-55,22
-18,-55,22
-19,-55,22
-18,-55,21
-18,-55,22
-18,-55,22
-18,-55,22
-18,-55,22
-18,-55,22
-18,-55,22
-18,-55,22
-18,-55,22
-18,-55,22
-18,-55,22
-18,-55,22
-18,-55,22
-18,-55,22
-18,-55,22
-18,-55,22
-18,-55,22
-18,-55,22
-18,-55,22
-18,-55,22
-18,-55,22
-18,-55,22
-18,-55,22
-18,-55,22
-18,-55,22
-18,-55,22
-18,-55,22
-18,-55,22
-19,-55,22
-18,-55,22
-18,-55,22
-18,-55,22
-18,-55,22
-18,-55,22
-18,-55,22
-18,-55,22
-18,-55,22
-18,-55,22
-18,-55,22
-18,-55,22
-18,-55,22
-18,-55,21
-18,-55,21
-18,-55,21
-19,-55,21
-19,-55,22
-18,-55,21
-18,-55,21
-18,-55,22
-19,-55,21
-18,-55,22
-18,-55,22
-18,-55,21
-18,-55,21
-18,-55,21
-18,-55,22
-18,-55,21
-18,-55,21
-18,-55,22
-19,-55,21
-18,-55,21
-17,-55,22
-17,-55,22
-18,-55,21
-18,-55,21
-18,-55,21
-18,-55,21
-18,-55,22
-18,-55,22
-18,-55,22
-18,-55,21
-19,-55,21
-18,-55,22
-19,-55,21
-19,-55,21
-18,-55,22
-18,-55,22
-18,-55,22
-18,-55,21
-18,-55,21
-18,-55,21
-18,-55,22
-18,-55,22
-17,-55,22
-18,-55,21
-18,-55,21
-19,-55,21
-19,-55,21
-19,-55,21
-21,-55,20
-22,-55,20
-21,-55,22
-15,-55,21
-14,-55,22
-13,-55,23
-15,-55,23
-14,-55,22
-14,-55,21
-11,-56,25
-11,-55,26
-17,-54,27
-15,-55,27
-15,-54,25
-15,-55,23
-15,-55,23
-18,-55,22
-18,-55,22
-17,-55,23
-19,-55,24
-19,-54,25
-19,-55,23
-15,-56,21
-14,-56,21
-15,-56,21
-15,-56,20
-13,-56,20
-7,-56,22
-12,-56,24
-13,-56,24
-12,-56,23
-7,-56,25
-6,-56,25
-5,-56,26
-11,-56,24
-11,-56,24
-9,-56,23
-10,-56,23
-9,-56,23
-10,-56,23
-11,-56,23
-10,-56,24
-10,-56,23
-10,-56,24
-10,-56,25
-11,-55,26
-11,-55,26
-6,-55,27
-10,-56,24
-10,-56,25
-10,-55,25
-10,-56,24
-10,-56,24
-8,-56,25
-8,-56,24
-9,-56,23
-9,-56,25
-8,-56,25
-10,-55,24
-9,-56,24
-10,-55,25
-11,-55,25
-11,-55,25
-11,-55,25
-10,-55,25
-11,-56,25
-10,-56,24
-9,-56,24
-10,-56,24
-12,-56,24
-11,-56,25
-11,-56,25
-11,-55,25
-11,-56,24
-12,-55,24
-10,-55,25
-11,-56,24
-11,-55,25
-11,-55,24
-12,-55,24
-10,-56,24
-8,-56,24
-9,-56,25
-12,-55,25
-11,-55,25
-10,-55,25
-11,-56,24
-11,-55,24
-11,-55,25
-11,-55,27
-10,-55,26
-10,-55,25
-9,-56,25
-8,-56,25
-9,-56,25
-13,-56,23
-14,-56,23
-12,-56,24
-12,-56,24
-12,-56,24
-10,-56,23
-9,-56,23
-9,-56,23
-10,-56,24
-11,-56,24
-11,-56,24
-11,-56,24
-11,-55,24
-13,-56,24
-13,-55,24
-12,-55,24
-11,-56,25
-11,-56,25
-11,-56,25
-12,-56,24
-11,-56,24
-12,-56,24
-12,-56,25
-12,-55,25
-12,-55,25
-12,-55,25
-12,-55,25
-11,-56,24
-11,-56,24
-11,-56,24
-11,-56,24
-10,-56,24
-11,-56,24
-12,-56,24
-12,-56,24
-12,-56,24
-11,-56,24
-11,-56,24
-11,-56,24
-11,-56,24
-11,-56,24
-11,-56,24
-11,-56,24
-11,-56,24
-11,-56,24
-11,-56,24
-11,-56,24
-11,-56,24
-11,-56,24
-11,-56,24
-11,-56,24
-11,-56,24
-10,-56,24
-10,-55,25
-11,-55,25
-10,-55,25
-10,-56,24
-10,-56,24
-10,-56,24
-11,-56,24
-10,-56,24
-11,-56,25
-11,-55,25
-11,-56,25
-11,-56,25
-11,-55,25
-11,-56,24
-11,-55,25
-11,-56,24
-11,-55,24
-11,-55,25
-11,-56,25
-11,-55,25
-11,-55,25
-11,-56,25
-11,-56,25
-11,-55,25
-11,-55,25
-11,-56,25
-11,-55,25
-11,-55,25
-11,-55,25
-11,-55,25
-10,-56,24
-11,-55,25
-12,-55,25
-12,-55,25
-11,-55,24
-11,-56,24
-11,-56,24
-11,-55,24
-10,-55,25
-11,-56,24
-12,-55,24
-11,-55,25
-11,-55,25
-11,-55,25
-11,-55,25
-12,-55,25
-12,-55,25
-12,-55,24
-9,-56,24
-9,-56,23
-9,-55,25
-9,-56,25
-11,-55,26
-12,-56,24
-12,-56,24
-11,-56,23
-11,-56,24
-11,-56,24
-10,-56,24
-10,-56,24
-11,-56,24
-11,-55,24
-11,-55,25
-12,-56,24
-11,-56,25
-11,-56,25
-11,-56,24
-11,-55,24
-11,-56,25
-11,-55,25
-11,-56,24
-11,-55,24
-11,-56,23
-11,-56,24
-11,-56,24
-12,-55,25
-11,-55,25
-11,-55,25
-11,-55,24
-11,-56,24
-11,-56,24
-11,-56,24
-10,-55,24
-11,-56,25
-11,-56,24
-11,-55,25
-11,-55,24
-11,-55,24
-11,-55,24
-11,-56,24
-11,-56,24
-11,-56,25
-11,-56,25
-11,-55,25
-11,-55,25
-11,-55,25
-11,-56,25
-11,-56,25
-12,-55,24
-12,-56,25
-12,-55,24
-11,-56,24
-10,-56,24
-11,-56,24
-11,-56,24
-11,-55,24
-11,-56,24
-12,-56,24
-12,-55,24
-11,-56,24
-11,-56,24
-10,-56,24
-11,-56,24
-11,-55,24
-12,-56,24
-11,-56,24
-11,-56,24
-12,-56,24
-11,-56,24
-11,-55,24
-12,-56,24
-12,-56,24
-11,-56,24
-11,-56,24
-11,-56,24
-11,-55,24
-11,-56,24
-11,-56,24
-11,-56,25
-11,-56,24
-11,-56,24
-11,-56,24
-11,-56,24
-12,-56,24
-11,-56,24
-11,-56,24
-12,-56,24
-13,-55,25
-12,-56,25
-11,-56,25
-10,-55,24
-9,-56,25
-6,-56,28
2,-57,32
0,-56,23
-14,-56,18
-16,-56,22
-18,-55,24
-17,-55,25
-13,-56,25
-5,-57,22
-3,-57,22
-3,-56,24
-8,-56,23
-13,-55,23
-13,-55,24
-11,-55,25
-10,-55,26
-11,-55,24
-11,-55,26
-9,-56,27
-11,-55,26
-12,-55,25
-14,-55,25
-15,-55,25
-15,-55,25
-13,-55,26
-11,-55,26
-12,-55,26
-11,-55,26
-8,-55,24
-9,-56,23
-2,-55,25
-18,-56,28
-20,-56,29
-18,-54,25
-15,-56,23
-14,-55,25
-16,-56,22
-13,-55,23
-16,-55,24
-26,-53,24
-27,-53,25
-24,-53,22
-20,-55,19
-14,-58,20
-7,-56,20
-7,-56,21
-10,-57,21
-13,-56,21
-13,-55,23
-15,-55,23
-15,-56,22
-16,-55,23
-17,-55,25
-17,-55,25
-16,-55,24
-11,-56,22
-9,-57,22
-10,-57,21
-11,-56,22
-10,-56,25
-10,-56,25
-12,-56,24
-12,-56,23
-12,-56,24
-12,-56,24
-12,-56,23
-13,-56,24
-13,-55,24
-13,-56,24
-12,-56,23
-10,-56,23
-11,-56,23
-11,-56,23
-10,-56,23
-11,-56,22
-10,-56,23
-11,-56,23
-11,-56,23
-11,-56,22
-12,-56,23
-12,-56,22
-11,-56,22
-10,-56,23
-11,-56,24
-12,-56,23
-11,-56,23
-10,-56,23
-11,-56,23
-11,-56,23
-11,-56,23
-10,-56,22
-10,-56,22
-10,-56,23
-10,-56,23
-11,-56,22
-11,-56,24
-12,-56,24
-12,-56,24
-12,-56,24
-13,-56,24
-13,-56,23
-12,-56,22
-11,-56,22
-8,-56,24
-12,-56,24
-14,-56,23
-12,-56,24
-12,-56,24
-10,-56,27
-13,-56,21
-13,-56,20
-10,-56,21
-11,-57,21
-11,-57,22
-9,-56,22
-11,-56,22
-13,-56,22
-12,-56,23
-13,-56,24
-13,-56,24
-13,-56,23
-12,-56,22
-11,-56,22
-12,-56,22
-13,-56,22
-13,-56,23
-12,-56,22
-10,-56,23
-11,-56,22
-11,-56,20
-11,-56,21
-12,-56,23
-14,-56,22
-13,-56,23
-9,-57,22
-9,-57,22
-12,-56,22
-14,-56,22
-14,-56,23
-13,-56,23
-8,-57,23
-9,-56,23
-11,-56,21
-13,-56,21
-14,-56,21
-13,-57,22
-8,-57,21
-10,-57,21
-12,-55,24
-11,-55,26
-14,-56,21
-16,-57,20
-14,-57,21
-9,-57,23
-11,-57,18
-10,-58,18
-8,-57,21
-13,-56,20
-11,-56,22
-6,-56,25
-11,-58,19
-17,-56,22
-22,-55,23
-15,-55,25
-8,-56,25
-6,-56,23
1,-58,24
-7,-57,19
-13,-56,23
-11,-56,24
-19,-55,26
-18,-54,26
-15,-56,24
-9,-57,23
-8,-57,21
-12,-58,17
-14,-57,19
-15,-56,20
-7,-58,22
-5,-58,19
-7,-59,17
-7,-59,16
-11,-59,15
-10,-58,17
-11,-58,19
-7,-57,19
-4,-58,19
-4,-58,22
-10,-58,22
-12,-57,22
-11,-56,20
-6,-58,21
-3,-58,20
-8,-58,20
-6,-57,22
-7,-57,23
-8,-56,22
-9,-57,20
-11,-58,17
-12,-57,14
-16,-57,14
-28,-58,9
-20,-59,11
-11,-61,9
-20,-61,-8
-23,-59,-12
-24,-51,14
-22,-40,59
-48,-45,16
-2,-58,-1
-22,-58,10
-26,-57,22
-11,-56,32
-5,-51,27
-7,-51,29
-11,-52,37
-13,-52,42
-15,-54,42
-13,-55,32
-13,-54,28
-15,-56,28
-18,-57,11
-12,-58,7
2,-44,14
-18,-26,20
-33,-29,17
-29,-25,23
-25,-24,28
-15,-22,37
-8,-19,65
-2,-14,72
-53,-19,67
-37,-17,62
-33,-20,59
-43,-21,52
-59,-22,47
-55,-25,42
-69,-25,6
-23,-37,11
-8,-34,29
-53,-15,47
-50,-18,45
-44,2,44
-88,24,18
-88,28,10
-77,31,-7
-86,51,-30
-84,63,-7
-83,83,30
-37,53,59
-34,47,26
-37,24,31
-44,22,19
-40,17,10
-78,31,-5
-75,34,-12
-56,14,-5
-28,5,8
-42,4,6
-38,7,-7
-32,16,-3
-39,25,-10
-45,65,-39
-53,85,-41
-61,86,-34
-87,84,-30
19,95,127
-14,50,17
-29,40,-33
-45,44,-61
-13,94,21
-27,89,-33
-11,89,-33
-25,60,-11
5,38,2
30,66,49
-24,58,-27
-21,73,-6
-8,66,-1
-32,60,-13
-43,59,-14
-43,58,-10
-32,59,6
-29,56,9
-38,52,5
-37,47,1
-42,41,-5
-54,60,6
-44,44,13
-37,40,16
-47,55,32
-58,46,18
-56,43,15
-55,41,-11
-57,46,-13
-56,52,-5
-44,46,-10
-33,41,-10
-23,32,-10
-24,29,-13
-25,28,-18
-39,28,-34
-74,33,-27
-79,37,-22
-60,39,-7
-52,43,25
-61,40,30
-76,30,18
-73,29,18
-62,30,13
-47,26,-5
-31,30,-1
-55,56,9
-29,55,24
-15,31,7
-1,34,42
-30,48,40
-20,59,36
-51,54,-7
-40,78,-28
-63,87,-46
-13,89,-3
-15,80,-24
-43,58,-45
4,99,102
-25,69,97
-128,35,-11
-23,51,43
-51,61,23
-15,67,-30
21,48,-96
14,39,-107
-53,29,-3
-51,28,9
-42,34,15
-51,48,21
-47,52,41
-70,68,53
-73,53,78
-73,25,71
-49,5,57
-45,-4,35
-44,-4,18
-55,10,3
-65,25,-6
-70,31,-11
-70,29,-18
-57,27,-19
-58,20,-17
-68,15,-12
-72,13,-16
-61,8,-19
-62,4,-24
-57,8,-21
-41,7,-7
-58,9,7
-71,12,13
-48,15,16
-42,23,15
-55,23,10
-72,18,-1
-82,24,18
-82,21,29
-70,10,27
-63,11,30
-26,9,61
-62,-2,9
-53,13,29
-63,27,44
-53,22,33
-46,17,20
-35,35,29
-44,43,5
-70,80,-4
-28,97,57
-38,59,39
-31,56,29
-16,38,34
-26,41,35
-42,38,53
-48,23,36
-54,19,23
-71,21,15
-49,13,40
-55,14,46
-63,7,45
-64,0,44
-64,-4,38
-62,-12,30
-63,-14,22
-72,-16,1
-67,-15,-4
-64,-15,1
-56,-16,12
-54,-21,13
-56,-25,12
-54,-27,16
-58,-26,15
-54,-25,18
-43,-24,21
-41,-20,22
-47,-14,24
-40,-12,25
-33,-9,25
-37,5,4
-66,8,-44
-76,9,-66
-95,17,-51
6,21,16
-102,27,-26
-91,31,-24
-53,8,-18
-48,8,-18
-68,15,-22
-66,11,-24
-67,2,-28
-68,0,-31
-67,-3,-34
-62,-8,-32
-91,4,-27
-85,0,-28
-61,-7,-23
-60,-6,-19
-27,-21,7
-6,-34,-1
-43,-28,33
-62,-16,34
-51,-10,39
-40,-10,38
-39,-13,43
-30,-12,38
-32,-10,44
-32,-6,64
-7,-8,69
-13,16,86
-22,11,65
-20,1,58
-26,5,57
-44,13,58
-54,4,42
-50,3,41
-46,1,44
-46,1,42
-52,1,39
-53,2,37
-55,3,36
-58,2,31
-61,2,25
-59,3,29
-52,1,37
-53,2,35
-53,2,35
-55,1,32
-56,1,29
-59,1,27
-61,1,25
-62,1,23
-63,1,22
-63,0,22
-61,0,23
-59,0,26
-57,1,31
-53,1,34
-51,1,36
-51,1,36
-51,1,37
-57,1,32
-55,1,31
-61,0,26
-58,-1,24
-60,-1,23
-67,0,17
-64,1,20
-59,2,25
-56,5,31
-53,4,34
-51,3,35
-54,0,31
-60,0,25
-62,0,23
-63,1,20
-63,2,21
-63,1,20
-60,-1,24
-54,1,31
-58,1,31
-58,-1,26
-61,1,26
-59,1,27
-58,3,30
-55,-7,27
-59,-1,26
-62,0,22
-64,0,21
-59,-1,21
-61,-1,22
-64,-3,21
-59,-3,23
-62,-2,21
-61,-2,20
-63,-3,18
-59,-1,19
-63,-2,18
-62,-2,16
-65,2,17
-62,-2,17
-61,-5,16
-64,-1,16
-62,-5,17
-63,0,18
-62,-2,16
-63,-2,16
-63,-3,16
-62,-3,17
-61,-3,18
-62,-3,18
-63,-2,18
-63,-2,18
-63,-2,17
-62,-3,18
-62,-3,18
-63,-3,17
-62,-5,16
-63,-4,18
-61,-3,19
-64,-2,18
-62,-4,18
-60,-3,19
-62,-3,18
-63,-3,17
-65,-4,14
-61,-5,15
-65,-3,15
-64,-4,15
-63,-4,14
-64,-4,14
-63,-5,15
-62,-5,15
-62,-5,15
-61,-7,17
-62,-5,16
-62,-4,16
-63,-1,16
-64,-3,17
-65,-3,16
-59,-4,19
-61,-6,18
-59,-7,19
-61,-7,20
-61,-5,20
-61,-4,21
-61,-4,20
-58,-5,18
-62,-4,17
-63,-5,15
-62,-6,18
-65,-4,17
-64,-4,18
-63,-5,18
-63,-4,18
-63,-4,17
-61,-5,17
-60,-5,17
-57,-5,19
-62,-5,19
-63,-4,18
-62,-4,17
-64,-2,15
-64,-1,14
-66,-1,14
-65,-2,14
-64,-2,14
-62,-3,17
-61,-3,18
-64,-2,18
-63,0,16
-63,-2,15
-63,-1,14
-64,-2,14
-63,-2,14
-63,-3,14
-63,-4,14
-63,-3,14
-63,-3,13
-65,-3,13
-63,-3,14
-63,-3,14
-63,-4,13
-63,-4,14
-63,-4,15
-63,-4,15
-62,-3,15
-64,-3,15
-64,-3,15
-63,-4,15
-63,-4,16
-63,-4,15
-62,-4,15
-62,-3,16
-63,-3,17
-63,-3,19
-62,-3,19
-60,-1,22
-60,-3,20
-62,-3,20
-62,-4,19
-62,-3,20
-61,-3,20
-62,-4,20
-60,-3,22
-61,-4,22
-60,-4,22
-60,-3,22
-61,-3,22
-61,-3,21
-61,-2,22
-62,-2,21
-60,-3,23
-61,-3,22
-62,-3,22
-62,-3,21
-62,-1,21
-61,-2,19
-62,-3,20
-61,-3,20
-61,-3,20
-62,-3,20
-61,-3,20
-62,-2,20
-62,-3,19
-61,-3,20
-60,-3,21
-61,-3,21
-61,-3,21
-60,-3,23
-60,-2,23
-62,-2,20
-63,-3,18
-63,-3,18
-63,-3,18
-62,-3,19
-62,-3,19
-61,-2,20
-62,-2,21
-60,-2,22
-60,-2,22
-61,-2,21
-61,-3,21
-61,-3,21
-61,-3,22
-61,-3,21
-61,-3,21
-62,-3,21
-61,-2,23
-60,-2,23
-61,-2,23
-60,-3,22
-61,-3,22
-61,-3,22
-60,-3,20
-62,-3,20
-60,-2,23
-60,-3,22
-61,-3,21
-61,-2,22
-61,-3,20
-62,-3,20
-63,-3,20
-63,-2,21
-61,-2,22
-60,-3,21
-59,-4,20
-62,-3,21
-62,-5,16
-64,-2,19
-63,1,22
-68,-1,20
-67,-1,18
-58,0,23
-58,-3,23
-58,-4,21
-58,-5,18
-53,-10,13
-56,-11,13
-68,-1,23
-64,-1,27
-66,-2,23
-62,-5,17
-59,-7,15
-58,-8,14
-62,-9,18
-58,-10,16
-60,-4,21
-53,-8,22
-37,-8,23
-128,1,-10
-111,10,-36
-47,-5,18
-71,-4,0
-67,-6,-3
-67,-3,-4
-71,-4,-6
-69,-5,-5
-64,-3,4
-64,-2,9
-63,-3,11
-61,-2,14
-62,-2,14
-63,-3,13
-64,-2,11
-64,-3,11
-64,-2,11
-64,-3,11
-64,-2,12
-63,-3,14
-63,-3,14
-63,-3,14
-63,-3,14
-63,-3,14
-64,-3,14
-63,-3,13
-64,-3,13
-65,-3,14
-64,0,14
-73,-3,11
-82,7,17
-74,2,13
-66,-12,3
-74,-26,-27
-84,-29,-19
-86,-32,-15
-71,-29,-10
-62,-32,1
-60,-35,5
-48,-38,9
-41,-42,10
-31,-47,13
-19,-40,19
-15,-39,20
-15,-33,15
-23,-30,15
-28,-31,15
-35,-32,16
-37,-33,18
-36,-37,16
-26,-44,12
-32,-48,5
-31,-49,5
-20,-48,14
-14,-54,14
-9,-59,7
-12,-61,2
-16,-62,0
-5,-59,11
3,-55,15
8,-53,15
9,-54,9
11,-60,5
-8,-75,-2
-47,-45,-21
-41,-55,-22
-29,-50,-20
-58,-30,-43
-46,-21,-17
-62,-20,2
-77,-16,-14
-67,-15,-10
-76,-17,-6
-84,-20,-20
-78,-17,-19
-29,-29,-9
-84,10,-35
-66,-4,-19
-70,-4,-12
-71,-7,-14
-61,-8,-5
-66,-3,0
-68,-5,1
-66,-4,5
-67,-2,11
-64,-1,14
-63,-3,16
-62,-1,20
-61,-2,23
-64,-3,24
-69,-2,22
-66,-1,22
-52,-6,23
-49,-7,26
-54,-7,28
-51,-8,29
-53,-9,28
-61,-9,27
-66,-9,21
-67,-7,21
-62,-6,23
-60,-6,24
-60,-6,26
-56,-7,29
-46,-10,32
-40,-10,32
-37,-10,26
-48,-9,13
-80,-4,-4
-74,-14,-13
-60,-16,-14
-60,-15,-27
-59,-9,-22
-39,-16,-42
-46,-15,-36
-52,-16,-38
-46,-15,-40
-50,-14,-40
-50,-15,-38
-52,-14,-38
-51,-13,-37
-54,-14,-36
-53,-14,-36
-54,-14,-36
-52,-14,-34
-56,-15,-37
-55,-16,-37
-56,-15,-37
-62,-16,-36
-64,-17,-34
-67,-17,-33
-54,-15,-13
-49,-18,-2
-56,-20,2
-30,-23,4
-43,-21,1
-82,-15,11
-59,-15,23
-54,-13,22
-66,-12,22
-58,-15,20
-59,-16,19
-60,-17,16
-57,-17,16
-56,-17,18
-59,-16,19
-56,-16,18
-53,-13,19
-63,-14,10
-62,-14,10
-66,-12,6
-62,-13,1
-62,-13,-1
-66,-12,-4
-64,-11,-6
-62,-12,-7
-62,-12,-11
-67,-10,-17
-70,-9,-19
-70,-9,-20
-73,-7,-21
-74,-8,-17
-60,-13,-9
-60,-9,-8
-81,-15,-14
-64,-16,-9
-45,-20,-6
-15,-23,10
-35,-26,12
-63,-16,11
-78,-7,15
-59,-8,16
-56,-9,14
-73,-2,16
-71,-4,15
-72,-3,22
-60,3,27
-61,-1,22
-63,0,21
-60,-3,20
-60,-2,22
-62,0,21
-63,-2,17
-63,-2,18
-63,-3,18
-61,-5,19
-59,-5,21
-59,-4,20
-59,-4,21
-61,-3,21
-61,-2,21
-62,-2,20
-62,-2,21
-61,-3,20
-62,-2,22
-61,-1,25
-59,1,29
-59,0,24
-56,-5,22
-58,-4,22
-67,-2,18
-61,-3,18
-67,-3,16
-62,-3,17
-63,-5,13
-71,-2,14
-61,-6,13
-64,-4,14
-65,-3,21
-55,-5,19
-63,-2,17
-62,-1,16
-69,-4,0
-70,-3,2
-64,-3,6
-66,-2,1
-59,-8,-32
-78,14,49
-83,-10,-7
-71,-7,4
-59,-10,4
-66,-8,5
-67,-7,5
-70,-7,2
-65,-6,5
-64,-7,8
-61,-6,15
-62,-6,16
-61,-6,20
-59,-6,22
-60,-6,23
-59,-6,23
-60,-6,21
-61,-7,21
-61,-7,19
-62,-7,18
-61,-8,17
-62,-7,18
-62,-9,18
-62,-7,19
-61,-7,20
-61,-6,20
-61,-6,21
-60,-7,21
-62,-6,21
-60,-7,21
-60,-7,20
-60,-7,19
-62,-7,20
-62,-7,20
-61,-7,20
-60,-7,20
-61,-7,20
-58,-5,22
-62,-7,20
-62,-6,19
-63,-7,16
-63,-8,14
-64,-8,15
-62,-9,13
-64,-7,17
-63,-7,17
-61,-7,18
-61,-7,18
-62,-7,19
-61,-7,19
-61,-6,20
-62,-7,18
-62,-7,18
-62,-7,18
-62,-7,18
-62,-7,19
-61,-7,19
-61,-7,19
-62,-7,19
-62,-6,19
-62,-7,19
-60,-7,19
-58,-6,19
-59,-5,20
-58,-8,20
-63,-6,18
-64,-5,16
-64,-5,15
-66,-5,13
-65,-5,13
-65,-6,13
-65,-5,14
-64,-5,16
-63,-5,17
-63,-7,17
-63,-6,18
-62,-7,19
-59,-8,19
-58,-8,20
-57,-9,22
-57,-8,24
-58,-8,24
-61,-6,24
-61,-6,23
-61,-7,22
-61,-8,21
-61,-8,20
-61,-8,19
-62,-7,19
-62,-7,19
-61,-7,20
-60,-7,21
-61,-7,21
-61,-7,21
-61,-7,21
-61,-7,20
-62,-7,20
-61,-7,20
-61,-7,20
-60,-7,20
-61,-7,20
-61,-7,21
-61,-7,20
-61,-7,20
-61,-7,20
-61,-7,20
-61,-7,20
-61,-7,20
-61,-7,20
-61,-7,20
-61,-6,20
-61,-6,20
-61,-6,20
-61,-6,20
-61,-7,20
-61,-6,20
-61,-7,20
-61,-7,20
-61,-7,20
-62,-7,20
-61,-7,20
-61,-7,20
-61,-7,20
-61,-7,20
-61,-7,20
-61,-7,20
-61,-7,20
-61,-7,19
-61,-7,19
-61,-7,19
-61,-7,20
-61,-7,20
-62,-7,20
-61,-7,20
-61,-7,20
-61,-7,19
-61,-7,19
-62,-7,19
-61,-7,19
-61,-7,19
-62,-7,19
-61,-7,19
-61,-7,19
-61,-7,20
-61,-7,20
-61,-7,19
-61,-7,20
-62,-7,19
-61,-7,19
-61,-7,19
-61,-7,19
-61,-8,18
-62,-7,19
-61,-7,19
-61,-7,19
-61,-7,19
-62,-7,19
-61,-7,19
-61,-8,19
-61,-7,19
-61,-7,19
-64,-8,15
-67,-7,14
-53,-5,28
-61,-9,22
-59,-7,22
-62,-6,17
-61,-6,17
-64,-7,16
-62,-6,18
-59,-8,20
-59,-6,21
-63,-7,20
-63,-7,20
-63,-7,19
-60,-6,24
-60,-7,23
-59,-7,19
-61,-7,21
-58,-7,26
-54,-7,29
-59,-5,29
-55,-6,28
-57,-7,28
-56,-7,26
-61,-8,22
-64,-8,17
-60,-9,20
-58,-8,20
-63,-8,17
-63,-8,17
-63,-7,22
-56,-9,19
-58,-8,18
-62,-6,20
-64,-4,21
-60,-7,19
-60,-7,18
-59,-8,17
-63,-8,15
-69,-7,14
-59,-8,19
-63,-8,13
-63,-7,18
-62,-8,19
-61,-8,18
-60,-7,20
-60,-7,21
-56,-8,24
-56,-8,26
-57,-8,25
-61,-8,23
-62,-8,23
-61,-10,20
-58,-10,16
-60,-9,18
-67,-7,14
-64,-8,13
-60,-8,14
-63,-9,14
-59,-9,22
-58,-8,24
-61,-7,24
-61,-6,21
-64,-8,19
-62,-8,17
-59,-8,16
-63,-8,18
-63,-7,18
-61,-7,20
-62,-7,20
-59,-8,22
-59,-8,22
-61,-8,21
-61,-8,22
-58,-8,23
-61,-9,20
-60,-10,17
-63,-9,17
-66,-7,16
-71,-7,13
-59,-9,14
-65,-8,18
-61,-8,22
-55,-7,27
-57,-6,32
-55,-6,34
-57,-6,30
-58,-6,27
-62,-9,25
-58,-8,23
-58,-8,20
-59,-9,22
-62,-8,23
-61,-8,23
-58,-8,25
-56,-7,28
-55,-8,30
-58,-7,26
-58,-7,26
-58,-8,25
-60,-8,24
-61,-8,24
-59,-8,25
-59,-8,24
-59,-8,26
-58,-8,25
-60,-8,24
-60,-8,24
-67,-6,30
-57,-9,23
-62,-8,22
-64,-8,21
-60,-9,21
-60,-9,20
-61,-9,20
-61,-8,22
-59,-8,24
-58,-8,25
-59,-8,25
-59,-8,25
-57,-8,23
-61,-8,21
-61,-8,24
-63,-8,22
-62,-7,25
-58,-9,22
-61,-8,22
-59,-9,22
-59,-8,24
-60,-7,24
-59,-7,24
-60,-7,23
-61,-7,22
-60,-7,23
-59,-8,22
-60,-9,21
-60,-9,22
-60,-8,25
-59,-8,25
-61,-8,23
-58,-8,24
-58,-9,25
-58,-9,26
-57,-9,27
-59,-9,27
-58,-8,28
-57,-9,27
-60,-9,23
-56,-10,29
-63,-8,30
-43,-11,19
-69,-8,26
-59,-17,22
-61,-12,19
-57,-12,25
-55,-8,27
-63,-8,18
-63,-9,16
-67,-9,10
-62,-9,15
-60,-11,13
-60,-10,16
-60,-8,17
-64,-8,18
-63,-9,16
-64,-8,17
-61,-9,18
-60,-10,17
-60,-10,19
-59,-10,18
-62,-10,14
-64,-10,16
-62,-10,16
-60,-9,15
-64,-10,13
-63,-11,13
-64,-10,13
-64,-10,14
-64,-12,15
-64,-10,13
-60,-10,13
-58,-11,21
-57,-11,21
-56,-12,24
-55,-11,27
-57,-11,26
-62,-10,23
-58,-11,22
-59,-10,20
-62,-10,17
-66,-12,17
-64,-12,19
-61,-11,17
-61,-10,13
-62,-9,13
-60,-10,14
-62,-10,14
-63,-11,18
-63,-10,22
-63,-8,25
-59,-8,20
-58,-9,18
-58,-9,18
-63,-9,17
-63,-8,17
-63,-7,19
-62,-7,19
-61,-5,19
-61,-9,19
-57,-9,21
-62,-10,20
-60,-8,22
-60,-8,22
-61,-7,22
-61,-8,19
-61,-9,20
-60,-9,19
-61,-9,18
-63,-9,19
-59,-8,19
-62,-8,19
-60,-6,21
-61,-9,21
-61,-11,20
-60,-12,19
-61,-11,18
-61,-9,17
-63,-8,17
-63,-7,19
-63,-9,17
-61,-9,17
-61,-8,18
-61,-9,17
-62,-10,16
-61,-11,16
-63,-10,15
-63,-9,15
-62,-9,16
-64,-8,17
-63,-8,21
-60,-10,20
-59,-10,20
-58,-10,18
-61,-9,18
-62,-9,17
-61,-9,18
-60,-11,15
-62,-11,16
-61,-11,16
-62,-10,16
-62,-9,16
-62,-9,17
-62,-9,18
-62,-9,18
-61,-9,18
-61,-9,19
-61,-9,18
-61,-11,18
-61,-10,17
-62,-10,17
-62,-10,16
-62,-9,15
-62,-10,15
-63,-10,15
-62,-9,16
-62,-9,18
-61,-9,18
-61,-9,17
-61,-9,17
-62,-9,16
-62,-9,16
-61,-9,16
-62,-9,16
-61,-10,16
-62,-9,15
-63,-9,17
-60,-10,17
-63,-9,17
-62,-9,17
-59,-10,18
-61,-10,17
-60,-10,17
-67,-10,11
-65,-9,14
-62,-10,15
-62,-10,13
-63,-11,12
-61,-11,14
-62,-10,16
-62,-10,16
-59,-11,17
-60,-10,18
-61,-11,18
-58,-11,20
-60,-11,20
-62,-11,19
-61,-11,18
-61,-10,18
-60,-11,19
-60,-10,18
-60,-11,18
-62,-11,16
-63,-11,17
-57,-10,23
-57,-10,17
-64,-11,11
-69,-8,20
-63,-9,14
-63,-8,15
-63,-10,11
-66,-9,15
-60,-10,19
-55,-13,0
-75,-6,9
-68,-7,16
-62,-7,16
-66,-8,13
-57,-7,19
-58,-9,15
-60,-9,13
-63,-9,17
-62,-8,16
-62,-9,16
-61,-9,15
-61,-9,17
-63,-9,16
-63,-8,16
-63,-8,16
-61,-8,17
-62,-9,17
-65,-9,18
-62,-9,19
-58,-9,21
-58,-10,21
-55,-9,26
-58,-7,26
-56,-8,26
-59,-8,24
-60,-10,23
-60,-9,20
-60,-9,20
-62,-10,18
-61,-10,18
-61,-10,19
-61,-9,19
-62,-10,20
-60,-10,20
-61,-10,21
-61,-9,21
-61,-10,21
-61,-9,20
-61,-9,20
-61,-9,20
-61,-9,20
-60,-10,20
-60,-10,20
-61,-10,20
-60,-10,19
-61,-10,18
-61,-10,18
-64,-9,21
-60,-8,24
-57,-10,21
-62,-10,19
-62,-11,18
-61,-10,17
-61,-11,18
-60,-10,17
-63,-9,17
-63,-9,18
-62,-8,18
-61,-9,18
-61,-9,19
-61,-10,18
-60,-11,19
-62,-9,19
-61,-11,19
-60,-11,16
-61,-10,16
-62,-10,18
-62,-10,18
-60,-11,18
-60,-10,18
-60,-10,16
-62,-11,15
-60,-9,15
-62,-8,14
-63,-7,15
-64,-7,18
-63,-7,18
-60,-9,20
-60,-10,19
-60,-10,19
-61,-8,19
-61,-8,19
-61,-7,19
-61,-9,18
-62,-8,18
-63,-10,17
-62,-9,20
-60,-9,17
-62,-8,18
-63,-7,18
-62,-7,17
-61,-9,16
-61,-8,16
-63,-9,16
-62,-7,19
-61,-7,21
-60,-7,22
-59,-7,21
-60,-8,21
-59,-8,21
-61,-9,20
-61,-9,19
-62,-8,20
-62,-8,19
-61,-8,19
-62,-8,19
-61,-8,20
-62,-8,20
-62,-8,19
-61,-8,19
-61,-8,19
-61,-8,20
-61,-8,19
-62,-9,19
-61,-9,18
-62,-8,18
-62,-8,19
-62,-7,21
-63,-8,20
-60,-7,19
-59,-8,18
-60,-9,19
-61,-9,20
-61,-9,20
-60,-9,20
-60,-9,21
-61,-9,21
-61,-9,20
-61,-9,19
-61,-9,19
-61,-9,19
-60,-9,19
-61,-9,19
-61,-9,19
-62,-9,19
-61,-8,19
-61,-9,19
-61,-9,20
-60,-9,20
-61,-9,20
-61,-9,19
-61,-9,19
-61,-10,19
-61,-9,19
-61,-9,19
-61,-9,19
-61,-9,19
-61,-9,19
-61,-10,19
-61,-9,19
-60,-9,20
-59,-8,22
-63,-9,18
-62,-9,17
-62,-9,16
-63,-9,14
-63,-10,13
-64,-10,13
-63,-10,13
-62,-9,15
-62,-9,15
-62,-9,16
-61,-10,16
-61,-9,17
-61,-9,17
-61,-9,17
-62,-9,16
-62,-9,16
-62,-9,15
-62,-9,16
-62,-9,16
-62,-9,15
-62,-9,16
-61,-10,16
-61,-10,16
-61,-10,15
-62,-10,15
-63,-10,14
-63,-9,16
-62,-10,16
-61,-10,19
-61,-10,18
-61,-10,17
-60,-9,17
-63,-9,15
-63,-9,15
-63,-9,15
-62,-10,15
-61,-10,16
-62,-10,16
-62,-10,16
-62,-10,17
-61,-9,17
-61,-10,17
-62,-10,17
-62,-10,16
-62,-9,16
-62,-10,16
-62,-9,16
-62,-10,16
-62,-10,16
-62,-10,16
-62,-9,16
-62,-9,16
-62,-9,16
-62,-9,16
-62,-9,16
-62,-10,16
-62,-10,16
-62,-10,15
-64,-10,15
-61,-10,16
-62,-9,16
-62,-10,16
-62,-9,16
-62,-9,15
-62,-10,16
-62,-9,16
-62,-9,16
-62,-9,16
-62,-9,16
-62,-9,16
-62,-9,16
-61,-10,16
-62,-9,16
-62,-10,16
-62,-10,16
-62,-9,16
-62,-10,16
-62,-9,16
-62,-9,16
-63,-9,16
-62,-9,15
-62,-10,15
-62,-10,15
-62,-10,15
-62,-10,15
-61,-10,15
-62,-10,15
-63,-10,15
-62,-9,15
-62,-9,15
-62,-10,15
-62,-9,15
-62,-9,16
-62,-10,16
-61,-10,16
-62,-10,16
-62,-10,16
-62,-10,15
-62,-10,15
-54,-12,16
-61,-9,14
-63,-10,10
-64,-10,9
-67,-10,4
-65,-10,2
-66,-10,0
-66,-10,0
-64,-10,1
-63,-10,2
-64,-10,3
-63,-9,5
-64,-10,6
-63,-10,7
-62,-10,9
-62,-10,9
-62,-10,9
-63,-10,9
-63,-10,10
-63,-10,9
-64,-10,8
-62,-10,9
-64,-10,9
-63,-10,9
-63,-10,9
-63,-10,9
-63,-9,10
-64,-9,10
-63,-10,10
-63,-10,10
-63,-10,10
-63,-10,10
-63,-10,9
-63,-10,9
-63,-10,9
-63,-10,9
-63,-10,9
-63,-10,10
-63,-10,10
-64,-10,9
-66,-9,9
-63,-10,10
-63,-10,10
-63,-10,10
-63,-10,10
-62,-10,10
-63,-10,9
-63,-10,9
-63,-10,9
-63,-10,10
-63,-10,10
-63,-10,10
-63,-10,10
-63,-10,10
-63,-10,10
-63,-10,11
-63,-10,10
-63,-10,10
-63,-10,10
-63,-11,10
-63,-11,9
-63,-11,10
-63,-10,10
-63,-10,10
-63,-10,9
-63,-10,9
-62,-9,11
-64,-10,10
-63,-9,11
-63,-9,11
-63,-9,11
-64,-10,11
-63,-10,11
-63,-10,10
-63,-11,11
-63,-10,11
-63,-10,11
-63,-10,11
-63,-10,11
-63,-10,11
-63,-10,11
-63,-10,10
-63,-10,10
-63,-10,10
-63,-10,10
-64,-9,11
-63,-9,11
-63,-9,12
-63,-10,11
-64,-10,11
-64,-10,11
-62,-11,11
-62,-11,10
-63,-11,10
-63,-11,9
-63,-11,9
-63,-10,9
-63,-12,9
-63,-11,10
-63,-10,10
-63,-10,10
-64,-10,10
-63,-10,10
-62,-11,10
-62,-11,10
-63,-11,9
-64,-11,8
-63,-10,8
-63,-11,8
-63,-11,9
-64,-10,10
-62,-10,13
-64,-11,11
-62,-11,12
-62,-11,13
-62,-11,12
-63,-10,12
-64,-10,12
-63,-10,12
-63,-10,12
-63,-11,12
-61,-10,13
-63,-10,12
-63,-11,12
-62,-11,12
-63,-11,12
-63,-10,12
-63,-11,11
-63,-10,11
-63,-10,11
-63,-10,11
-63,-10,12
-63,-11,12
-63,-10,11
-63,-10,12
-63,-10,12
-63,-10,12
-63,-10,12
-63,-10,12
-62,-11,12
-62,-11,11
-63,-11,12
-62,-11,11
-63,-11,11
-63,-11,11
-63,-10,11
-63,-10,11
-63,-10,11
-63,-10,11
-63,-10,11
-63,-10,12
-63,-10,12
-63,-10,12
-63,-10,12
-63,-10,11
-63,-10,12
-63,-11,11
-63,-11,11
-62,-11,11
-63,-10,12
-63,-11,12
-63,-11,11
-63,-11,12
-62,-10,12
-63,-10,12
-63,-10,12
-63,-10,11
-63,-10,12
-62,-10,11
-60,-14,8
-60,-13,8
-65,-10,10
-66,-9,13
-66,-5,15
-63,-5,15
-63,-6,16
-63,-8,16
-63,-7,16
-61,-6,14
-61,-6,14
-63,-7,15
-64,-6,15
-65,-11,13
-63,-14,13
-61,-9,11
-62,-8,10
-64,-7,11
-64,-8,12
-63,-9,13
-65,-8,12
-68,-7,12
-62,-6,13
-62,-6,13
-62,-7,12
-61,-9,10
-62,-13,9
-63,-13,8
-65,-14,9
-65,-10,9
-65,-9,9
-63,-7,11
-62,-9,11
-63,-8,12
-61,-10,13
-63,-11,13
-64,-10,12
-63,-9,10
-62,-6,11
-63,-7,11
-66,-9,12
-65,-8,14
-64,-9,14
-63,-10,15
-64,-10,14
-62,-10,13
-60,-10,11
-60,-10,10
-62,-13,7
-63,-15,4
-64,-14,4
-63,-12,4
-64,-12,3
-64,-11,6
-64,-10,8
-63,-10,10
-63,-11,11
-61,-12,12
-62,-12,13
-63,-11,12
-63,-10,11
-63,-10,11
-63,-9,11
-63,-10,11
-63,-12,11
-62,-11,11
-66,-12,10
-63,-11,11
-62,-12,11
-62,-12,11
-63,-13,10
-62,-12,10
-62,-13,10
-61,-14,9
-61,-14,9
-63,-15,8
-63,-13,8
-64,-13,8
-62,-13,9
-62,-13,9
-63,-14,10
-64,-14,10
-62,-12,11
-63,-11,11
-64,-16,8
-58,-17,7
-63,-15,6
-66,-14,7
-66,-12,9
-63,-11,10
-63,-10,12
-62,-11,13
-61,-12,13
-59,-12,12
-59,-13,11
-62,-14,11
-64,-13,10
-63,-15,9
-62,-13,10
-63,-11,12
-63,-10,13
-64,-8,15
-63,-9,15
-63,-9,14
-63,-7,13
-63,-10,12
-64,-9,11
-64,-11,10
-65,-13,9
-63,-15,7
-62,-10,12
-63,-9,9
-68,-8,7
-58,-8,16
-55,-9,18
-64,-10,10
-61,-12,11
-62,-13,4
-72,-12,-1
-67,-10,-1
-70,-7,-1
-67,-5,-1
-69,-3,4
-62,-9,6
-58,-11,12
-59,-15,12
-58,-16,15
-59,-14,16
-63,-12,15
-65,-13,15
-59,-12,19
-50,-12,16
-55,-13,12
-71,-7,19
-69,-4,20
-67,-3,17
-69,-3,17
-59,-5,18
-58,-11,13
-60,-12,14
-57,-14,17
-57,-14,15
-60,-12,13
-63,-10,12
-65,-9,10
-67,-7,9
-66,-6,12
-66,-6,13
-65,-7,13
-62,-9,15
-64,-10,15
-59,-10,18
-60,-10,19
-58,-10,20
-63,-10,17
-62,-10,16
-62,-9,15
-63,-8,15
-64,-9,14
-61,-9,15
-63,-12,11
-64,-11,10
-60,-11,10
-63,-11,10
-64,-10,11
-63,-10,12
-63,-10,14
-63,-10,14
-60,-9,15
-62,-9,14
-64,-10,12
-64,-10,12
-63,-10,13
-64,-10,13
-63,-10,13
-62,-10,14
-63,-10,14
-63,-9,15
-62,-9,15
-62,-10,14
-63,-10,14
-62,-11,14
-62,-11,14
-62,-11,15
-62,-11,14
-63,-11,14
-62,-11,14
-62,-11,14
-62,-10,15
-61,-11,15
-61,-10,16
-63,-11,13
-64,-11,14
-62,-11,13
-63,-11,13
-63,-11,14
-62,-11,12
-62,-11,13
-63,-11,13
-62,-11,13
-62,-11,13
-62,-11,14
-62,-11,14
-61,-11,14
-62,-11,14
-62,-11,14
-63,-11,14
-63,-12,12
-63,-12,14
-64,-12,15
-65,-11,12
-62,-9,10
-64,-14,16
-55,-12,14
-57,-12,17
-57,-13,20
-59,-12,21
-61,-12,22
-60,-11,22
-59,-11,20
-61,-11,22
-59,-11,23
-53,-13,19
-68,-4,33
-62,-15,23
-58,-15,22
-63,-13,14
-62,-13,17
-61,-12,16
-62,-11,14
-63,-12,16
-62,-12,17
-60,-12,18
-61,-12,17
-62,-12,18
-61,-12,16
-62,-12,16
-61,-13,17
-61,-13,17
-62,-12,16
-61,-12,17
-61,-12,16
-61,-13,17
-61,-13,16
-61,-12,16
-62,-12,17
-61,-12,16
-60,-13,15
-62,-12,17
-62,-12,17
-60,-12,17
-61,-12,17
-61,-13,16
-61,-12,17
-61,-13,16
-61,-13,16
-61,-13,15
-62,-13,15
-62,-13,15
-61,-13,15
-62,-12,15
-62,-13,15
-61,-13,15
-61,-13,15
-61,-13,15
-61,-13,15
-61,-13,15
-63,-12,14
-61,-13,16
-62,-13,15
-61,-13,15
-62,-13,15
-60,-13,16
-62,-12,16
-62,-13,15
-62,-13,15
-61,-13,14
-62,-13,15
-61,-13,15
-61,-13,15
-61,-13,15
-61,-13,15
-61,-13,15
-60,-13,16
-61,-12,16
-60,-13,15
-65,-13,14
-63,-12,14
-61,-12,13
-62,-13,13
-62,-13,14
-62,-12,14
-62,-12,14
-61,-13,14
-62,-12,14
-62,-13,14
-62,-12,15
-61,-13,14
-62,-13,14
-62,-13,14
-61,-12,14
-62,-12,14
-62,-12,14
-62,-12,13
-62,-12,14
-62,-13,14
-62,-13,14
-62,-13,14
-62,-12,14
-62,-12,14
-61,-13,14
-63,-13,14
-62,-13,14
-62,-13,13
-62,-13,14
-62,-12,15
-61,-12,15
-61,-12,16
-61,-12,16
-61,-12,16
-62,-12,15
-62,-13,14
-62,-13,14
-62,-13,15
-62,-13,14
-62,-13,15
-62,-12,15
-62,-13,15
-61,-12,15
-62,-13,14
-62,-13,14
-62,-13,14
-62,-13,15
-62,-12,15
-62,-12,15
-62,-12,15
-61,-13,15
-61,-12,15
-62,-13,15
-62,-13,14
-62,-13,14
-62,-12,14
-62,-13,14
-62,-12,15
-62,-12,15
-61,-12,16
-62,-12,15
-61,-12,14
-62,-13,15
-61,-12,16
-62,-13,14
-62,-12,15
-62,-12,14
-62,-12,14
-61,-13,14
-62,-12,15
-62,-12,15
-62,-11,16
-61,-12,15
-62,-12,14
-63,-12,15
-59,-12,13
-60,-12,14
-65,-11,16
-60,-10,17
-59,-11,17
-61,-11,17
-61,-11,16
-62,-11,15
-63,-11,14
-63,-11,14
-62,-11,15
-61,-11,16
-61,-12,15
-62,-11,15
-62,-12,15
-62,-12,15
-62,-12,15
-62,-12,15
-62,-13,15
-63,-11,15
-60,-12,15
-60,-12,15
-62,-11,17
-61,-12,16
-61,-11,16
-61,-11,16
-61,-12,15
-62,-12,16
-61,-12,16
-62,-12,16
-61,-12,16
-61,-12,15
-62,-13,15
-62,-12,16
-62,-12,16
-62,-12,16
-61,-12,16
-61,-12,16
-62,-12,16
-61,-12,16
-62,-12,16
-61,-12,15
-62,-13,15
-62,-13,14
-60,-13,15
-62,-12,15
-62,-12,15
-62,-13,15
-62,-12,15
-62,-12,16
-62,-12,16
-61,-12,16
-61,-12,16
-61,-12,15
-61,-12,15
-62,-13,14
-63,-13,13
-62,-12,15
-62,-12,15
-61,-12,15
-62,-12,15
-61,-12,15
-61,-12,16
-61,-13,15
-61,-13,15
-62,-12,15
-61,-13,15
-61,-12,15
-61,-13,15
-62,-12,15
-61,-13,15
-61,-13,15
-61,-12,15
-61,-12,15
-61,-12,15
-62,-12,15
-61,-13,15
-61,-14,15
-61,-14,15
-61,-14,15
-61,-13,15
-62,-13,15
-62,-13,15
-62,-12,15
-61,-13,15
-61,-13,15
-62,-12,15
-61,-13,15
-62,-13,15
-62,-13,15
-62,-13,15
-61,-13,15
-61,-13,15
-62,-12,15
-62,-12,14
-62,-12,15
-61,-13,15
-61,-13,15
-62,-13,15
-61,-12,15
-62,-12,15
-62,-13,15
-61,-13,15
-61,-13,15
-61,-13,14
-62,-13,15
-62,-13,15
-61,-12,15
-61,-14,14
-62,-12,15
-62,-13,15
-62,-12,15
-62,-12,16
-61,-13,16
-61,-13,15
-61,-13,15
-62,-13,15
-62,-13,15
-62,-13,15
-61,-13,15
-61,-13,15
-63,-13,15
-61,-13,15
-61,-13,15
-61,-12,15
-61,-12,16
-62,-12,16
-61,-12,16
-61,-13,15
-61,-13,15
-62,-13,15
-61,-13,15
-61,-13,15
-61,-13,15
-62,-13,15
-62,-13,15
-62,-13,14
-62,-13,15
-60,-13,15
-62,-13,15
-62,-13,16
-61,-13,16
-60,-12,16
-61,-13,15
-62,-13,15
-61,-13,15
-61,-13,15
-61,-14,15
-61,-13,15
-62,-13,15
-61,-14,16
-60,-13,16
-61,-13,16
-61,-13,15
-63,-13,15
-63,-13,15
-62,-12,15
-62,-12,16
-61,-13,16
-61,-14,15
-61,-14,15
-62,-14,14
-60,-12,16
-61,-14,17
-60,-14,16
-62,-13,15
-62,-13,16
-61,-13,14
-61,-13,15
-62,-13,14
-62,-13,16
-62,-13,16
-60,-13,16
-60,-14,16
-59,-13,16
-62,-14,18
-61,-13,14
-63,-12,13
-63,-13,13
-61,-12,13
-62,-13,15
-59,-12,18
-61,-12,20
-62,-10,18
-64,-11,14
-63,-11,15
-62,-11,16
-61,-12,15
-61,-12,14
-62,-11,14
-63,-10,16
-62,-11,17
-61,-12,17
-60,-12,17
-60,-12,17
-62,-11,16
-63,-12,14
-64,-12,15
-60,-11,18
-60,-11,16
-60,-11,17
-62,-11,15
-63,-11,15
-62,-11,15
-63,-11,15
-62,-12,15
-61,-12,18
-62,-13,16
-60,-12,14
-63,-11,14
-64,-11,15
-63,-11,16
-61,-12,15
-60,-12,15
-62,-11,16
-63,-10,16
-63,-11,15
-62,-10,16
-61,-11,15
-61,-11,15
-61,-12,16
-61,-11,15
-62,-11,16
-62,-11,17
-61,-11,16
-59,-12,15
-64,-10,16
-65,-12,13
-60,-13,12
-62,-13,15
-63,-12,16
-60,-11,18
-61,-11,20
-60,-12,19
-62,-11,17
-61,-13,16
-61,-14,16
-58,-13,16
-58,-13,15
-64,-13,15
-59,-14,17
-60,-9,16
-61,-9,13
-65,-6,17
-64,-6,19
-64,-8,21
-63,-8,19
-61,-9,18
-61,-9,15
-64,-8,14
-59,-9,13
-63,-12,13
-64,-11,13
-64,-12,17
-62,-8,13
-62,-8,15
-63,-12,13
-63,-13,17
-62,-11,16
-61,-5,11
-61,-5,18
-65,-12,20
-58,-17,18
-53,-15,20
-58,-13,17
-56,-9,17
-61,-6,15
-66,-5,14
-64,-7,14
-67,-8,11
-64,-10,10
-66,-9,8
-66,-8,9
-65,-7,9
-64,-7,10
-62,-8,11
-62,-9,8
-64,-9,9
-62,-7,17
-64,-9,15
-62,-9,16
-63,-9,14
-62,-9,13
-63,-8,15
-63,-8,13
-62,-8,13
-63,-8,15
-58,-10,15
-61,-9,16
-61,-10,22
-60,-10,23
-59,-9,24
-59,-8,24
-57,-8,23
-58,-8,23
-60,-9,23
-59,-8,22
-60,-8,20
-60,-8,20
-61,-10,19
-61,-9,20
-61,-9,20
-62,-8,20
-60,-8,19
-60,-9,19
-61,-9,18
-66,-7,19
-65,-7,16
-64,-7,15
-61,-8,18
-60,-9,20
-59,-11,20
-58,-10,20
-61,-9,20
-60,-9,20
-62,-9,18
-61,-9,19
-61,-9,18
-61,-8,17
-62,-8,18
-62,-9,18
-62,-8,20
-62,-8,19
-62,-8,19
-60,-9,20
-60,-10,20
-61,-9,20
-61,-9,20
-61,-9,19
-61,-9,19
-59,-10,19
-61,-11,18
-62,-9,18
-63,-9,19
-63,-9,21
-64,-7,22
-64,-8,23
-65,-8,26
-61,-8,25
-55,-9,23
-47,-18,19
-47,-20,16
-56,-18,12
-61,-16,9
-64,-15,8
-67,-14,9
-69,-12,8
-67,-12,9
-63,-12,10
-60,-12,14
-61,-12,15
-61,-12,17
-60,-12,19
-61,-11,19
-61,-11,20
-61,-11,20
-62,-12,18
-64,-11,19
-69,-10,20
-54,-12,25
-53,-14,26
-59,-13,25
-55,-15,29
-49,-16,27
-52,-16,26
-55,-16,27
-57,-15,27
-55,-14,31
-56,-14,31
-53,-15,31
-54,-14,32
-53,-14,37
-53,-15,35
-52,-14,35
-50,-14,36
-50,-14,37
-52,-15,36
-47,-16,36
-46,-16,37
-39,-16,45
-55,-12,49
-52,-11,51
-47,-17,31
-40,-20,29
-41,-22,26
-60,-24,18
-63,-23,19
-56,-19,25
-55,-18,20
-57,-18,19
-58,-18,17
-58,-18,13
-59,-18,12
-65,-15,10
-62,-16,5
-62,-15,4
-64,-13,1
-65,-13,-1
-69,-12,-3
-69,-13,-5
-66,-13,-6
-66,-13,-7
-63,-15,-7
-62,-16,-5
-61,-16,-3
-62,-14,-2
-62,-14,-1
-65,-14,-1
-60,-13,1
-59,-12,3
-47,-13,7
-44,-10,4
-53,-15,-6
-60,-10,-27
-64,-10,-37
-62,-5,-37
-54,-1,-59
-49,-6,-41
-57,2,-47
-53,-3,-46
-60,0,-43
-56,-7,-31
-58,0,-20
-60,0,-10
-62,-1,-9
-63,-1,-9
-62,-1,-7
-63,-1,-11
-63,-2,-14
-63,-1,-19
-63,-2,-21
-63,-2,-21
-63,-1,-22
-63,-1,-20
-63,-1,-18
-63,-3,-18
-66,-2,-16
-69,1,-11
-70,5,-14
-68,5,-14
-66,-1,-11
-61,-4,-11
-62,-7,-11
-61,-11,-3
-59,-11,5
-59,-11,7
-63,-9,9
-63,-9,10
-64,-7,9
-59,-7,11
-61,-7,12
-63,-6,17
-61,-7,16
-62,-7,18
-61,-7,15
-63,-7,13
-64,-7,12
-63,-8,11
-64,-7,11
-63,-8,10
-65,-7,9
-63,-7,11
-63,-7,12
-63,-7,12
-64,-7,12
-63,-7,12
-63,-7,12
-63,-7,11
-64,-7,11
-64,-7,11
-64,-7,11
-63,-7,12
-63,-6,13
-63,-6,13
-63,-7,13
-63,-7,13
-63,-7,13
-63,-7,11
-63,-7,11
-65,-7,10
-63,-7,11
-63,-7,12
-63,-7,12
-63,-7,12
-63,-7,12
-64,-7,12
-64,-7,12
-63,-7,12
-63,-7,12
-63,-7,11
-63,-7,12
-64,-7,10
-63,-7,11
-62,-8,10
-63,-7,11
-64,-7,10
-62,-6,12
-65,-6,11
-64,-7,12
-62,-7,12
-64,-6,12
-63,-6,13
-63,-7,12
-63,-7,12
-64,-7,9
-67,-7,13
-62,-7,18
-64,-7,16
-59,-8,16
-60,-9,13
-61,-10,7
-67,-8,8
-63,-8,9
-66,-8,8
-65,-8,7
-64,-8,9
-61,-8,12
-61,-8,13
-61,-8,12
-63,-7,11
-63,-8,11
-63,-8,11
-68,-8,7
-66,-8,8
-61,-8,10
-64,-8,12
-64,-8,13
-62,-8,11
-63,-7,12
-63,-10,14
-61,-8,13
-60,-8,13
-61,-8,16
-64,-9,15
-60,-9,11
-64,-7,11
-64,-8,11
-63,-8,11
-64,-8,10
-66,-8,9
-66,-8,9
-62,-8,12
-63,-8,11
-63,-8,10
-65,-8,10
-64,-8,8
-63,-8,11
-64,-8,11
-64,-8,9
-64,-9,9
-63,-8,11
-63,-9,9
-62,-9,9
-63,-10,11
-63,-7,12
-64,-7,12
-64,-8,13
-61,-8,13
-64,-8,12
-65,-8,12
-63,-8,12
-62,-7,12
-61,-7,13
-64,-8,12
-64,-8,10
-64,-8,10
-63,-8,11
-64,-8,12
-63,-8,11
-63,-8,12
-64,-8,12
-63,-8,13
-63,-8,11
-67,-8,9
-62,-9,8
-64,-8,8
-65,-9,8
-63,-6,9
-64,-9,11
-64,-8,9
-65,-8,10
-64,-8,9
-64,-7,10
-64,-8,9
-64,-7,10
-64,-8,9
-62,-8,7
-63,-8,7
-64,-9,9
-63,-9,10
-63,-9,9
-63,-8,11
-63,-7,10
-63,-7,10
-65,-7,9
-64,-7,9
-65,-8,9
-63,-8,9
-64,-8,9
-63,-8,8
-63,-8,9
-64,-8,10
-63,-8,9
-64,-8,10
-64,-8,10
-63,-8,9
-63,-8,9
-63,-8,9
-64,-8,9
-64,-8,9
-65,-8,9
-63,-8,11
-61,-8,10
-64,-8,9
-65,-8,8
-64,-8,8
-64,-8,7
-63,-8,8
-63,-8,9
-63,-8,11
-63,-8,11
-63,-8,10
-65,-7,11
-64,-8,10
-62,-7,11
-64,-8,10
-65,-8,9
-63,-8,8
-63,-8,10
-64,-8,9
-64,-8,9
-65,-8,7
-64,-7,7
-68,-6,10
-66,-6,7
-64,-7,5
-62,-9,10
-61,-10,9
-61,-10,11
-61,-10,13
-63,-10,14
-62,-8,14
-65,-9,16
-63,-8,15
-63,-9,14
-62,-10,12
-61,-11,11
-64,-10,12
-65,-10,8
-64,-11,12
-64,-10,6
-64,-10,8
-65,-10,11
-61,-11,15
-63,-9,15
-62,-10,17
-58,-10,19
-58,-10,20
-57,-11,22
-58,-11,23
-58,-11,22
-60,-11,18
-62,-11,18
-62,-11,20
-61,-11,14
-62,-9,16
-63,-11,13
-61,-10,11
-64,-10,11
-64,-12,12
-66,-10,11
-62,-10,11
-66,-10,6
-63,-9,7
-63,-10,7
-64,-10,7
-64,-10,8
-64,-10,9
-63,-10,9
-64,-11,10
-63,-9,10
-62,-10,6
-64,-10,5
-65,-10,7
-62,-11,12
-63,-10,11
-60,-10,11
-65,-9,11
-65,-10,10
-63,-9,8
-65,-10,7
-64,-9,9
-66,-10,7
-65,-10,5
-67,-10,8
-69,-10,2
-64,-11,4
-64,-9,9
-63,-9,8
-60,-9,10
-58,-12,13
-58,-13,16
-56,-13,20
-60,-12,20
-56,-12,19
-58,-12,19
-61,-13,19
-58,-13,16
-61,-13,17
-64,-13,12
-65,-12,11
-66,-10,9
-66,-11,2
-65,-11,-1
-67,-10,3
-69,-12,2
-67,-11,2
-67,-10,6
-66,-11,7
-61,-11,7
-59,-11,15
-61,-12,12
-59,-12,16
-62,-11,19
-63,-10,17
-62,-10,17
-64,-11,14
-61,-11,15
-59,-11,16
-60,-11,17
-59,-11,19
-55,-11,21
-56,-12,24
-52,-11,25
-61,-14,28
-56,-13,26
-57,-10,22
-68,-10,16
-67,-10,15
-65,-10,12
-64,-10,9
-64,-10,10
-62,-11,11
-60,-11,11
-63,-11,11
-64,-10,12
-64,-10,13
-64,-10,13
-61,-10,13
-60,-10,12
-63,-10,13
-61,-10,14
-64,-10,11
-62,-10,13
-64,-10,9
-63,-10,11
-64,-11,11
-62,-11,11
-64,-11,11
-64,-10,11
-64,-10,11
-61,-10,13
-61,-11,11
-62,-12,11
-63,-11,11
-64,-11,9
-63,-11,11
-64,-11,11
-62,-11,12
-63,-11,12
-61,-11,11
-61,-11,11
-65,-11,11
-63,-11,9
-63,-11,10
-64,-12,11
-61,-12,9
-62,-11,9
-62,-11,9
-64,-11,9
-64,-11,11
-70,-11,13
-74,-9,14
-75,-8,27
-64,-6,-5
-85,-12,-33
-76,-8,-15
-66,-10,5
-54,-6,14
-47,-2,23
-17,-1,58
-16,-3,69
-12,-6,58
-4,-11,55
-20,-8,54
-54,-10,55
-50,-10,58
-60,1,57
-65,5,45
-60,6,40
-63,0,25
-55,-8,25
-56,-12,27
-55,-10,32
-53,-7,37
-52,-7,38
-48,-8,38
-50,-10,37
-51,-10,35
-51,-11,32
-51,-11,31
-52,-10,32
-51,-11,34
-53,-9,35
-52,-8,39
-54,-8,38
-59,-8,36
-58,-10,31
-58,-12,26
-49,-12,28
-40,-11,37
-65,-9,29
-69,-4,28
-66,-1,27
-63,-3,29
-55,-7,32
-50,-9,32
-55,-9,30
-54,-10,29
-53,-10,30
-55,-9,31
-57,-8,31
-58,-7,31
-59,-7,30
-58,-7,30
-57,-8,29
-56,-9,29
-56,-8,28
-56,-9,28
-56,-8,29
-58,-8,29
-59,-8,29
-56,-8,30
-57,-8,30
-56,-9,31
-55,-9,30
-56,-9,29
-56,-9,29
-57,-9,29
-57,-8,30
-58,-8,30
-57,-8,30
-57,-8,30
-56,-8,31
-56,-8,33
-57,-7,35
-58,-6,37
-52,-8,38
-53,-9,36
-51,-11,34
-50,-12,33
-49,-12,33
-51,-11,38
-49,-12,38
-42,-10,42
-38,-14,49
-42,-9,44
-48,-8,29
-52,-7,20
-56,-8,12
-64,-10,-2
-64,-9,-15
-69,-8,-16
-70,-4,-19
-77,-2,-20
-87,2,-19
-79,5,-6
-68,3,5
-65,2,11
-59,2,17
-61,0,18
-61,-1,21
-61,-2,21
-57,-3,24
-57,-4,25
-58,-1,26
-60,-3,23
-63,-1,19
-66,-2,15
-67,-1,13
-62,-5,6
-64,-4,7
-68,-3,13
-63,-6,12
-62,-7,12
-57,-9,15
-58,-8,15
-59,-7,16
-63,-4,17
-66,-2,15
-65,-2,14
-65,-4,12
-67,-5,4
-70,-4,7
-66,-5,21
-66,-6,23
-58,-7,16
-67,-8,2
-67,-8,3
-64,-11,4
-59,-14,5
-63,-14,2
-59,-14,4
-63,-12,6
-64,-11,8
-65,-10,7
-64,-10,9
-65,-10,9
-64,-11,6
-63,-10,8
-64,-11,8
-65,-10,9
-63,-10,8
-62,-10,8
-65,-10,8
-64,-11,5
-60,-10,11
-67,-11,11
-60,-10,11
-62,-9,14
-61,-10,14
-59,-10,16
-63,-11,14
-66,-10,13
-63,-10,15
-61,-10,14
-60,-11,14
-63,-12,14
-62,-13,11
-60,-13,10
-62,-10,10
-64,-10,9
-64,-10,9
-67,-10,8
-67,-9,5
-68,-10,7
-65,-11,6
-64,-11,7
-61,-10,13
-55,-11,11
-50,-11,16
-63,-16,23
-55,-13,21
-57,-13,25
-51,-16,17
-58,-11,24
-70,-11,19
-67,-11,9
-70,-10,7
-63,-12,6
-62,-13,7
-64,-13,7
-63,-13,8
-62,-13,11
-63,-13,10
-62,-13,9
-63,-13,11
-63,-13,12
-60,-12,10
-68,-14,4
-56,-12,8
-64,-11,15
-62,-13,17
-62,-11,10
-57,-13,10
-61,-12,9
-64,-11,11
-64,-11,10
-65,-11,7
-66,-10,10
-64,-10,10
-63,-11,9
-66,-11,8
-58,-11,16
-56,-12,16
-62,-11,11
-63,-11,9
-63,-10,10
-64,-10,5
-64,-10,4
-64,-10,6
-65,-10,7
-63,-9,7
-65,-10,7
-63,-10,7
-63,-10,7
-64,-10,7
-64,-10,8
-64,-10,7
-63,-10,7
-64,-10,6
-62,-10,7
-65,-10,7
-63,-10,7
-64,-10,7
-63,-11,6
-63,-10,7
-65,-10,7
-63,-10,7
-63,-10,6
-63,-10,6
-65,-10,6
-64,-10,6
-63,-10,7
-63,-10,6
-64,-10,5
-64,-10,6
-64,-10,7
-63,-10,8
-65,-10,7
-66,-10,7
-63,-10,7
-63,-10,6
-63,-10,6
-64,-10,7
-66,-10,7
-63,-10,7
-63,-10,8
-63,-10,8
-64,-10,7
-67,-10,8
-66,-10,12
-65,-10,5
-67,-9,8
-74,-9,4
-58,-7,14
-53,-13,5
-51,-4,22
-79,-9,43
-51,-19,32
-50,-9,24
-63,-11,23
-59,-13,25
-60,-12,21
-62,-11,17
-61,-11,14
-63,-10,15
-63,-10,12
-66,-9,9
-66,-10,11
-63,-9,12
-63,-10,13
-62,-10,14
-62,-10,13
-62,-10,14
-61,-10,15
-62,-9,15
-62,-9,15
-62,-10,15
-62,-10,15
-63,-10,15
-63,-10,14
-62,-10,15
-62,-10,14
-63,-10,14
-62,-10,14
-63,-10,15
-61,-10,14
-62,-10,14
-61,-10,15
-62,-10,14
-62,-10,14
-62,-9,14
-62,-10,14
-62,-10,14
-63,-9,14
-62,-10,14
-62,-9,14
-62,-10,14
-62,-10,14
-63,-9,15
-62,-9,15
-62,-10,16
-61,-10,16
-62,-10,16
-62,-10,15
-62,-9,15
-62,-10,14
-63,-10,14
-62,-10,15
-60,-10,16
-62,-10,16
-62,-10,16
-62,-10,16
-62,-10,17
-61,-10,16
-62,-10,16
-62,-10,15
-63,-10,15
-63,-10,15
-62,-10,15
-62,-10,16
-62,-10,16
-61,-10,16
-62,-10,15
-62,-10,15
-63,-10,15
-62,-10,15
-61,-10,16
-62,-11,16
-62,-10,16
-62,-10,16
-61,-10,16
-62,-10,16
-62,-10,16
-62,-10,16
-61,-11,15
-63,-10,16
-62,-10,15
-62,-10,16
-61,-11,15
-62,-11,16
-62,-10,16
-62,-10,16
-61,-11,15
-61,-11,16
-61,-11,15
-62,-11,15
-62,-11,15
-62,-11,15
-61,-11,15
-61,-10,16
-62,-10,16
-62,-11,15
-63,-11,16
-63,-11,16
-61,-10,15
-61,-10,18
-59,-10,17
-62,-12,16
-63,-11,15
-60,-11,15
-62,-12,13
-63,-12,11
-64,-12,11
-63,-12,12
-62,-11,14
-62,-11,16
-61,-11,16
-61,-11,16
-62,-11,16
-62,-11,16
-62,-11,16
-61,-11,15
-63,-12,15
-62,-13,14
-61,-13,15
-61,-12,15
-60,-12,13
-62,-12,13
-64,-11,12
-65,-11,12
-63,-11,13
-62,-11,13
-61,-12,15
-62,-12,15
-61,-11,15
-62,-12,15
-61,-12,14
-63,-11,14
-62,-11,14
-62,-11,14
-62,-11,14
-62,-11,14
-62,-11,14
-62,-11,14
-62,-11,14
-63,-11,14
-62,-11,14
-63,-11,14
-63,-11,14
-62,-11,14
-64,-10,14
-61,-11,15
-62,-10,14
-62,-10,15
-62,-10,15
-62,-10,14
-62,-11,14
-62,-11,15
-62,-11,14
-62,-11,14
-63,-10,14
-62,-10,14
-62,-10,14
-63,-10,15
-62,-11,15
-62,-10,15
-61,-11,15
-62,-11,15
-62,-11,14
-62,-11,14
-62,-11,14
-62,-11,14
-62,-11,14
-62,-11,14
-62,-11,14
-62,-11,14
-62,-11,15
-62,-11,14
-62,-11,14
-62,-11,14
-62,-11,14
-62,-11,13
-62,-11,14
-62,-11,14
-62,-11,15
-62,-11,15
-62,-11,14
-62,-11,14
-62,-11,14
-62,-11,14
-62,-11,14
-62,-11,14
-62,-11,14
-62,-11,14
-62,-11,15
-62,-11,15
-62,-11,14
-62,-11,14
-62,-11,14
-62,-11,14
-62,-11,14
-62,-11,14
-62,-11,14
-62,-11,14
-62,-11,14
-62,-11,14
-63,-11,14
-62,-11,14
-62,-11,14
-62,-11,14
-62,-11,14
-62,-11,14
-62,-11,14
-62,-11,14
-62,-11,14
-62,-11,14
-62,-11,14
-62,-11,14
-62,-11,14
-62,-12,15
-62,-12,15
-62,-12,14
-62,-12,14
-62,-12,14
-62,-12,14
-62,-12,15
-62,-11,14
-62,-11,15
-62,-11,15
-62,-11,14
-62,-12,14
-62,-12,14
-62,-12,14
-62,-12,14
-62,-12,14
-62,-12,14
-62,-11,15
-61,-11,14
-62,-12,15
-62,-11,15
-62,-11,14
-62,-11,15
-62,-12,15
-62,-11,14
-63,-11,14
-62,-12,14
-62,-12,14
-62,-12,15
-62,-12,15
-62,-12,15
-62,-12,14
-62,-12,14
-62,-12,14
-62,-12,14
-62,-12,14
-62,-11,14
-63,-11,15
-62,-11,15
-61,-11,15
-62,-11,15
-62,-11,14
-62,-11,14
-62,-11,14
-62,-11,14
-62,-11,14
-62,-11,14
-62,-11,14
-62,-11,14
-61,-11,15
-62,-11,14
-63,-11,15
-63,-10,15
-62,-10,15
-62,-11,15
-61,-13,13
-60,-13,10
-60,-11,14
-64,-9,13
-65,-8,17
-62,-9,16
-62,-9,16
-62,-8,18
-65,-9,12
-66,-9,16
-65,-7,19
-60,-10,16
-61,-10,14
-63,-11,17
-60,-11,17
-60,-11,15
-55,-11,17
-68,-7,18
-58,-12,15
-59,-12,14
-61,-13,13
-58,-14,11
-70,-9,11
-67,-9,11
-67,-8,12
-60,-10,11
-62,-11,9
-63,-11,9
-61,-11,9
-62,-10,9
-65,-8,13
-62,-10,12
-63,-10,11
-63,-11,12
-61,-11,13
-61,-11,13
-62,-10,13
-63,-10,12
-61,-11,12
-64,-10,13
-63,-10,13
-63,-10,13
-62,-10,14
-61,-11,14
-62,-10,14
-63,-10,14
-63,-10,13
-61,-11,13
-66,-10,15
-59,-13,14
-63,-10,10
-64,-11,12
-63,-11,13
-65,-9,15
-62,-8,19
-65,-7,16
-60,-10,18
-60,-10,17
-60,-11,14
-61,-12,15
-62,-11,14
-64,-11,11
-65,-11,12
-64,-12,12
-60,-12,13
-62,-11,13
-61,-12,12
-60,-12,15
-61,-12,15
-62,-12,15
-61,-11,15
-61,-11,15
-62,-11,16
-63,-10,16
-63,-11,18
-61,-10,15
-62,-12,14
-62,-11,13
-62,-12,14
-59,-12,14
-61,-12,14
-62,-12,14
-62,-12,15
-63,-12,14
-61,-12,14
-62,-11,13
-64,-11,14
-63,-11,15
-62,-10,17
-61,-10,18
-60,-12,15
-62,-10,17
-60,-11,17
-61,-11,16
-62,-11,15
-62,-12,14
-62,-12,14
-61,-11,15
-62,-12,14
-64,-11,15
-59,-13,17
-61,-12,14
-62,-12,14
-63,-12,14
-62,-12,14
-62,-11,15
-61,-12,15
-61,-12,15
-62,-12,15
-63,-11,15
-62,-12,15
-62,-12,15
-62,-12,15
-61,-12,15
-62,-12,15
-62,-12,15
-62,-12,15
-62,-12,15
-62,-12,15
-62,-12,15
-62,-12,15
-62,-12,14
-61,-12,15
-62,-12,15
-62,-12,15
-62,-12,15
-61,-12,15
-62,-12,15
-62,-12,14
-62,-12,15
-61,-12,15
-62,-12,15
-62,-12,15
-62,-12,15
-62,-12,14
-62,-12,14
-62,-12,15
-61,-12,15
-62,-12,15
-61,-12,15
-61,-12,15
-61,-12,15
-62,-12,15
-62,-12,15
-62,-12,15
-61,-12,14
-62,-12,15
-61,-12,15
-61,-12,15
-62,-12,15
-62,-12,15
-62,-12,15
-62,-11,16
-61,-11,16
-62,-11,15
-62,-11,15
-63,-11,15
-61,-13,15
-62,-13,15
-60,-13,15
-60,-13,13
-62,-13,13
-63,-11,13
-63,-10,14
-63,-9,16
-63,-11,16
-62,-13,16
-60,-14,16
-60,-14,14
-61,-14,12
-64,-13,10
-63,-12,11
-64,-12,12
-60,-13,14
-61,-12,14
-61,-13,15
-62,-12,15
-62,-12,15
-62,-12,15
-62,-12,15
-62,-13,14
-61,-13,14
-62,-13,13
-62,-12,14
-62,-12,13
-62,-12,14
-62,-12,14
-61,-12,14
-61,-13,13
-60,-14,14
-62,-13,13
-62,-12,15
-62,-11,16
-61,-11,17
-62,-10,17
-62,-11,16
-62,-11,16
-62,-12,15
-63,-13,15
-61,-13,14
-60,-13,13
-60,-13,13
-61,-13,13
-62,-13,13
-62,-13,14
-62,-12,14
-62,-13,15
-61,-13,14
-62,-12,14
-61,-12,14
-62,-13,14
-63,-12,14
-63,-12,14
-62,-12,15
-62,-13,15
-62,-13,14
-62,-14,14
-61,-14,14
-61,-13,14
-62,-13,14
-62,-12,13
-62,-12,13
-62,-13,14
-62,-13,14
-62,-13,14
-62,-13,14
-62,-13,14
-61,-13,15
-61,-14,13
-61,-13,14
-62,-13,13
-62,-13,13
-63,-12,14
-62,-12,14
-62,-13,14
-62,-13,14
-62,-13,14
-62,-13,14
-61,-14,14
-61,-13,14
-62,-13,13
-61,-12,13
-62,-13,13
-62,-12,14
-62,-12,14
-62,-13,15
-61,-13,15
-61,-13,15
-62,-13,14
-62,-13,14
-62,-13,14
-62,-13,13
-62,-12,13
-62,-13,13
-62,-13,14
-62,-13,14
-61,-13,15
-62,-13,14
-62,-13,14
-63,-12,14
-62,-13,14
-62,-13,14
-62,-13,16
-61,-13,16
-62,-13,15
-60,-13,13
-61,-13,11
-61,-14,10
-62,-14,9
-63,-13,10
-66,-13,11
-64,-11,14
-61,-11,17
-62,-12,17
-59,-14,16
-58,-14,15
-59,-14,13
-64,-13,10
-62,-13,12
-64,-13,12
-62,-13,13
-61,-13,14
-61,-12,14
-62,-11,14
-63,-11,15
-62,-12,15
-61,-12,15
-60,-14,15
-62,-14,13
-61,-13,14
-62,-13,13
-62,-13,13
-62,-13,14
-62,-13,15
-61,-12,15
-61,-12,16
-62,-12,15
-63,-12,15
-63,-12,14
-62,-12,14
-62,-12,13
-62,-13,14
-60,-13,14
-60,-13,14
-62,-13,14
-64,-12,14
-64,-12,14
-60,-13,16
-62,-14,15
-59,-14,16
-60,-13,15
-62,-13,14
-62,-12,13
-62,-12,13
-63,-12,14
-62,-12,14
-62,-13,15
-62,-13,15
-60,-13,15
-62,-13,14
-61,-13,14
-61,-14,14
-62,-13,14
-62,-13,14
-62,-13,14
-61,-13,14
-62,-13,14
-62,-13,13
-62,-12,14
-62,-12,14
-63,-12,14
-63,-13,14
-62,-13,15
-60,-13,16
-61,-13,15
-62,-13,14
-62,-13,13
-62,-13,13
-61,-13,13
-62,-13,13
-60,-14,15
-61,-13,14
-62,-12,14
-62,-11,15
-63,-11,15
-63,-11,15
-61,-12,15
-60,-12,15
-62,-13,14
-61,-14,13
-62,-14,12
-59,-14,12
-61,-13,12
-63,-13,14
-64,-8,15
-63,-6,19
-63,-6,20
-63,-8,20
-61,-10,18
-62,-9,17
-62,-12,13
-60,-13,11
-60,-13,11
-62,-12,11
-62,-13,11
-64,-13,13
-63,-12,13
-63,-12,13
-60,-11,14
-62,-10,15
-62,-10,15
-64,-10,15
-61,-11,15
-62,-12,14
-60,-12,13
-61,-13,12
-63,-11,12
-64,-10,13
-63,-10,15
-62,-10,15
-62,-11,15
-62,-11,15
-61,-11,14
-63,-12,13
-63,-12,12
-62,-12,12
-62,-11,13
-62,-11,14
-61,-11,14
-62,-10,14
-62,-11,14
-63,-11,14
-62,-11,14
-62,-12,14
-62,-12,14
-62,-11,14
-63,-10,14
-63,-11,14
-62,-11,14
-63,-12,14
-63,-13,14
-60,-13,14
-59,-13,13
-59,-13,10
-63,-12,11
-64,-11,12
-65,-10,13
-63,-10,15
-62,-10,16
-62,-10,15
-60,-11,15
-61,-12,13
-63,-12,12
-63,-11,13
-63,-11,11
-61,-13,11
-60,-12,12
-61,-12,13
-63,-10,15
-64,-8,17
-64,-7,17
-62,-6,16
-63,-7,16
-63,-7,14
-62,-9,13
-63,-11,11
-63,-11,12
-63,-11,11
-61,-10,12
-60,-10,14
-64,-9,14
-64,-9,14
-65,-7,13
-63,-9,12
-62,-8,12
-62,-9,12
-63,-9,13
-63,-9,13
-63,-10,12
-65,-12,11
-66,-13,11
-63,-11,11
-60,-8,9
-62,-8,9
-67,-11,10
-66,-13,12
-60,-12,14
-59,-11,13
-61,-11,12
-64,-7,12
-65,-11,9
-62,-11,9
-61,-15,10
-61,-13,12
-63,-12,11
-66,-9,9
-67,-8,9
-66,-9,10
-63,-14,10
-59,-14,11
-57,-14,12
-61,-16,14
-61,-16,14
-63,-13,12
-64,-13,10
-65,-13,9
-62,-14,9
-62,-14,8
-61,-13,9
-63,-14,11
-63,-14,11
-62,-15,11
-61,-15,10
-62,-14,10
-62,-14,9
-63,-15,8
-62,-16,8
-62,-15,8
-60,-16,8
-60,-15,8
-63,-13,8
-65,-13,8
-62,-16,9
-60,-15,8
-62,-15,7
-63,-14,8
-65,-12,8
-66,-12,9
-65,-14,9
-61,-16,9
-60,-17,8
-60,-16,7
-61,-15,7
-63,-14,7
-64,-15,8
-63,-16,9
-61,-17,9
-59,-15,9
-60,-15,9
-62,-13,9
-65,-13,9
-65,-13,9
-63,-16,9
-60,-14,9
-60,-14,8
-63,-13,7
-64,-14,8
-63,-14,8
-61,-17,9
-61,-17,8
-63,-15,8
-63,-14,8
-64,-13,8
-64,-12,10
-62,-14,12
-62,-15,12
-64,-14,12
-62,-16,12
-60,-16,11
-61,-15,9
-61,-17,8
-62,-18,7
-60,-17,7
-59,-17,7
-59,-16,9
-62,-16,11
-62,-16,12
-66,-14,11
-62,-14,11
-62,-15,11
-60,-13,12
-61,-17,11
-60,-19,12
-63,-15,11
-64,-14,11
-65,-13,11
-63,-13,11
-63,-14,11
-61,-14,12
-60,-14,12
-59,-15,12
-60,-15,12
-63,-13,11
-64,-12,11
-64,-13,11
-62,-13,12
-62,-15,12
-61,-14,13
-61,-14,12
-62,-12,12
-62,-15,11
-61,-15,11
-60,-14,12
-61,-15,11
-62,-14,11
-64,-14,10
-64,-13,12
-62,-14,12
-60,-15,13
-62,-15,13
-62,-15,13
-62,-14,11
-61,-15,10
-62,-15,10
-63,-13,12
-63,-14,13
-63,-14,13
-62,-14,14
-62,-15,13
-60,-16,12
-59,-16,10
-60,-16,10
-60,-16,9
-62,-15,8
-63,-15,9
-63,-13,10
-63,-12,11
-63,-14,13
-62,-14,12
-62,-15,12
-61,-15,12
-63,-13,11
-65,-13,10
-62,-16,11
-60,-15,11
-60,-16,11
-64,-13,10
-63,-12,12
-65,-12,12
-62,-15,14
-60,-15,14
-60,-15,13
-63,-13,11
-64,-14,10
-63,-14,10
-62,-14,11
-61,-15,11
-61,-13,11
-63,-12,11
-63,-13,11
-62,-15,12
-61,-14,13
-62,-14,12
-63,-13,12
-63,-13,12
-64,-13,12
-62,-15,12
-62,-16,11
-60,-16,11
-57,-17,10
-58,-17,10
-64,-15,8
-64,-14,10
-64,-14,11
-62,-15,12
-60,-15,13
-61,-15,12
-60,-14,12
-60,-14,11
-64,-14,11
-62,-14,11
-62,-15,10
-61,-15,9
-63,-15,9
-63,-17,8
-63,-18,10
-61,-15,10
-62,-15,10
-63,-11,12
-62,-11,14
-61,-13,15
-61,-16,14
-58,-16,14
-59,-18,12
-62,-16,10
-63,-14,10
-65,-10,10
-65,-10,10
-65,-13,10
-64,-15,11
-62,-13,12
-60,-15,10
-62,-11,12
-63,-9,13
-63,-10,15
-60,-10,15
-59,-15,13
-60,-18,13
-63,-16,11
-64,-13,9
-65,-10,10
-63,-9,11
-63,-8,13
-62,-12,14
-61,-13,15
-61,-16,14
-60,-13,13
-61,-12,13
-64,-10,12
-63,-10,14
-63,-12,14
-62,-13,14
-61,-15,14
-62,-13,13
-63,-11,13
-63,-9,14
-63,-9,14
-63,-12,15
-60,-12,15
-61,-13,14
-62,-12,13
-63,-12,13
-62,-12,13
-61,-12,14
-62,-13,15
-62,-13,15
-64,-13,14
-63,-13,14
-62,-11,14
-61,-13,14
-61,-13,14
-62,-14,13
-61,-14,12
-62,-14,12
-62,-15,11
-62,-15,12
-63,-14,12
-62,-15,13
-62,-15,13
-60,-15,14
-61,-15,13
-61,-16,10
-60,-17,10
-62,-15,6
-71,-16,1
-79,-19,-5
-77,-22,-15
-74,-24,-12
-72,-33,-14
-67,-34,-15
-54,-33,-10
-49,-43,-10
-45,-38,-5
-48,-51,-3
-49,-36,2
-48,-41,1
-51,-37,-3
-47,-35,-1
-39,-33,1
-25,-40,7
-18,-37,13
-2,-52,14
-17,-53,12
-22,-55,15
-16,-57,13
-16,-55,13
-14,-57,10
-25,-57,12
-35,-57,16
-33,-56,16
-26,-55,14
-20,-56,17
-17,-56,19
-11,-59,12
-14,-59,12
-27,-57,10
-3,-59,16
-3,-58,16
1,-59,16
1,-60,15
-3,-60,12
-8,-60,9
-12,-61,5
-10,-61,9
-7,-60,14
-10,-59,8
-17,-61,7
-14,-60,9
-13,-60,9
-17,-60,9
-18,-60,8
-18,-59,6
-12,-60,8
-19,-58,8
-20,-56,8
-4,-61,7
10,-62,13
10,-63,15
-1,-62,8
-14,-61,2
-15,-62,3
-11,-60,7
-9,-61,8
-7,-60,10
-6,-60,14
-6,-59,16
-7,-59,18
-3,-60,17
-5,-59,13
-2,-61,13
-6,-60,9
-7,-61,8
-8,-60,12
-11,-60,11
-10,-60,12
-7,-59,15
-7,-60,14
-6,-59,16
-7,-59,15
-7,-60,14
-4,-60,12
1,-61,12
2,-61,13
-2,-60,13
-7,-61,11
-7,-60,11
-7,-61,9
-5,-60,10
1,-61,11
-4,-61,9
-5,-61,9
-6,-60,13
-25,-57,9
-21,-60,11
-14,-59,6
-12,-60,8
-11,-60,9
-3,-60,12
-8,-60,10
-12,-60,11
-13,-59,11
-10,-60,12
-16,-57,15
-18,-57,21
-10,-55,28
-1,-57,30
-5,-58,21
-9,-59,16
-9,-59,19
-26,-59,8
-20,-60,11
-11,-59,11
-1,-59,15
5,-59,22
-10,-58,20
-18,-59,15
-15,-57,22
-12,-57,19
-14,-58,17
-13,-60,11
-5,-60,11
-6,-61,11
-2,-61,10
-8,-60,11
-14,-60,13
-15,-58,16
-13,-58,15
-11,-59,14
-10,-60,14
-8,-60,13
-8,-60,14
-7,-60,14
-7,-60,13
-9,-60,8
-10,-60,10
-7,-59,12
-11,-59,14
-12,-59,16
-13,-58,16
-14,-58,16
-13,-58,15
-12,-58,16
-9,-59,16
-5,-61,16
-6,-60,17
-9,-59,10
-13,-58,7
-18,-59,10
-13,-58,13
-12,-59,14
-12,-59,13
-11,-59,13
-8,-58,16
-13,-58,19
-15,-57,19
-17,-58,14
-15,-58,15
-14,-58,15
-13,-59,12
-15,-59,20
-16,-55,22
-21,-58,14
-15,-58,12
-7,-60,10
0,-60,17
-11,-58,16
-14,-59,15
-17,-59,15
-15,-57,18
-16,-57,18
-20,-59,14
-19,-58,18
-14,-57,5
16,-61,10
21,-61,10
11,-63,8
7,-61,17
7,-61,16
1,-61,11
6,-61,14
5,-61,15
-2,-60,13
-5,-60,11
-4,-60,11
-1,-60,15
-1,-60,14
-1,-60,13
0,-61,12
-1,-60,12
-4,-60,11
-1,-60,11
1,-61,12
0,-61,11
-4,-60,12
-5,-60,13
-6,-60,14
-7,-59,14
-6,-60,13
-4,-60,12
-4,-60,11
-3,-61,9
-2,-61,11
0,-60,14
-2,-61,12
-2,-61,11
-2,-61,11
-4,-60,12
-3,-61,12
-2,-61,12
0,-60,12
-3,-61,12
-3,-60,14
-4,-59,14
-3,-60,14
-2,-61,11
-1,-61,9
0,-61,10
-2,-61,11
-7,-60,11
-13,-59,12
-20,-60,6
-8,-60,11
6,-61,17
5,-61,9
6,-61,9
6,-61,11
0,-61,11
-3,-60,11
-10,-60,11
-8,-59,11
-6,-60,10
1,-60,13
4,-61,12
7,-60,13
9,-61,15
6,-60,20
1,-59,-3
9,-61,6
8,-60,4
0,-62,6
0,-60,9
0,-57,16
-4,-57,28
-1,-58,26
-4,-58,18
0,-60,12
-1,-60,13
-1,-60,14
0,-59,16
0,-60,15
0,-60,14
1,-60,13
2,-60,15
4,-60,14
1,-60,14
1,-60,15
-1,-59,17
-4,-59,17
-3,-59,17
-1,-59,17
-1,-59,13
-2,-59,13
5,-60,15
6,-60,15
5,-61,12
2,-60,10
3,-60,10
6,-60,12
4,-60,12
3,-60,12
4,-60,13
5,-60,12
4,-60,13
4,-60,12
4,-60,13
3,-60,13
3,-60,13
3,-60,14
2,-60,14
3,-60,13
3,-60,13
4,-60,13
4,-60,12
4,-60,12
4,-60,11
5,-60,12
4,-60,12
4,-60,11
5,-60,11
4,-60,11
4,-60,12
3,-60,12
3,-60,13
3,-60,13
4,-60,13
4,-60,12
4,-60,12
4,-60,11
4,-60,11
4,-60,12
4,-60,12
4,-60,12
4,-60,12
4,-60,12
4,-60,12
5,-60,12
4,-60,12
4,-60,12
4,-60,12
4,-60,11
5,-60,11
5,-60,12
4,-60,12
4,-60,12
5,-60,12
4,-60,12
4,-60,11
5,-60,10
5,-60,10
5,-60,11
4,-60,11
4,-60,11
4,-60,11
4,-60,12
4,-60,11
5,-60,12
5,-60,11
5,-60,11
4,-60,11
3,-60,11
3,-60,12
3,-60,12
3,-60,13
3,-60,12
4,-60,11
4,-60,12
4,-60,12
3,-60,13
2,-60,13
3,-60,12
4,-60,12
3,-60,12
4,-60,12
3,-60,13
3,-60,12
4,-60,13
3,-60,11
4,-60,12
3,-60,12
3,-60,12
3,-60,12
3,-60,13
3,-60,13
3,-60,13
4,-60,14
4,-60,13
5,-60,12
5,-60,12
4,-60,13
1,-60,11
2,-60,11
3,-60,11
3,-60,11
3,-60,11
2,-60,12
2,-60,11
3,-60,11
3,-60,11
3,-60,11
3,-60,12
3,-60,12
3,-60,12
3,-60,12
3,-60,12
3,-60,12
3,-60,13
4,-60,13
3,-60,12
3,-60,12
3,-60,12
3,-60,12
3,-60,12
3,-60,11
3,-60,11
3,-60,11
3,-60,11
4,-60,11
4,-60,11
4,-60,11
4,-60,11
4,-60,11
3,-60,11
3,-60,11
4,-60,13
4,-60,16
3,-60,15
1,-60,11
1,-61,9
2,-60,9
4,-61,8
6,-60,8
8,-60,9
8,-60,9
8,-60,9
5,-60,11
3,-60,14
2,-60,13
2,-60,11
5,-60,10
7,-60,11
10,-61,11
8,-61,10
1,-60,10
0,-60,10
1,-60,13
0,-59,16
-1,-60,17
1,-59,18
3,-60,16
3,-60,15
3,-60,14
3,-60,14
2,-60,13
2,-60,13
2,-60,13
2,-60,13
3,-60,13
4,-60,12
4,-60,12
3,-60,13
3,-60,13
3,-60,13
3,-60,13
3,-60,14
3,-60,14
3,-60,13
3,-60,12
3,-60,12
3,-60,11
3,-60,11
4,-60,12
3,-60,12
3,-60,12
3,-60,12
3,-60,12
3,-60,12
3,-60,12
3,-60,12
3,-60,12
3,-60,12
3,-60,13
3,-60,13
3,-60,13
3,-60,13
3,-60,13
4,-60,13
-1,-61,10
-5,-61,7
8,-59,17
5,-60,15
6,-60,14
7,-60,12
7,-60,13
4,-60,11
4,-60,12
4,-60,13
5,-60,13
5,-60,12
5,-60,12
5,-60,12
4,-60,12
4,-60,13
3,-60,12
3,-60,13
5,-60,14
5,-60,13
4,-60,13
4,-60,14
4,-60,13
5,-60,13
6,-60,13
6,-59,14
4,-60,13
3,-60,11
3,-60,10
4,-60,11
7,-60,12
9,-60,11
5,-61,9
3,-60,11
1,-59,15
-2,-59,18
-2,-59,20
1,-59,20
3,-60,16
3,-60,14
5,-60,13
4,-59,14
4,-59,14
3,-60,14
3,-59,16
2,-60,15
0,-59,15
1,-59,15
1,-59,16
3,-59,16
3,-60,15
4,-60,12
4,-60,11
3,-60,11
3,-60,13
2,-60,15
0,-59,15
2,-60,14
5,-60,12
6,-60,11
5,-60,11
2,-60,11
0,-59,15
-1,-59,17
0,-59,17
2,-59,16
3,-60,14
2,-60,12
4,-60,15
0,-59,14
-1,-59,14
5,-60,15
0,-60,12
1,-60,14
2,-60,15
4,-60,14
4,-60,11
4,-60,13
4,-60,14
0,-59,14
0,-59,16
1,-59,17
2,-60,14
3,-60,13
2,-60,12
3,-60,13
3,-60,13
3,-60,13
2,-60,14
2,-60,15
0,-60,15
2,-59,16
2,-60,15
2,-60,15
2,-60,14
2,-60,15
-1,-59,15
1,-60,16
2,-60,15
2,-60,12
2,-60,11
3,-60,12
2,-60,13
1,-60,14
1,-60,15
1,-60,14
1,-60,14
0,-60,15
0,-59,15
0,-59,16
0,-59,16
1,-59,16
1,-60,17
-3,-59,19
-3,-59,20
-1,-58,23
-1,-59,16
3,-60,12
11,-60,5
14,-63,3
18,-62,14
-11,-63,0
-8,-60,4
-11,-61,6
-5,-60,13
0,-60,14
-1,-60,12
-2,-59,15
-3,-59,17
-4,-59,16
-6,-59,16
-6,-59,17
-3,-59,19
-2,-59,16
-3,-59,16
-6,-60,15
-5,-59,13
-4,-60,13
2,-61,15
-1,-60,12
-2,-60,13
-3,-59,16
-3,-59,16
-5,-60,11
-3,-59,11
0,-59,14
14,-61,21
4,-59,20
2,-60,20
-6,-59,16
-5,-60,13
-3,-60,13
0,-61,16
-7,-61,13
-6,-61,10
-12,-59,5
-18,-60,1
-22,-60,2
-12,-59,13
-7,-59,17
-2,-58,26
-2,-59,22
-8,-58,17
-9,-60,12
-4,-60,12
-8,-60,7
-16,-59,18
-11,-57,21
1,-57,20
6,-60,23
5,-59,25
-9,-58,17
-7,-59,18
-4,-58,19
-4,-59,18
-7,-59,19
-8,-58,19
-13,-58,16
-11,-58,15
-8,-59,16
-6,-59,16
-4,-59,15
-2,-59,17
-3,-59,18
-5,-60,17
-1,-60,16
-2,-60,11
0,-61,11
-2,-58,19
-12,-58,18
-14,-58,18
-10,-58,20
-8,-58,20
-9,-58,20
-8,-58,19
-6,-59,17
-3,-59,16
-6,-59,15
-5,-59,15
-4,-59,17
-6,-59,18
-5,-59,18
-2,-60,16
-6,-59,15
-6,-59,16
-7,-58,20
-11,-58,19
-12,-58,17
-9,-59,16
-6,-58,19
-10,-58,19
-10,-59,15
-2,-59,17
-1,-59,17
-6,-58,15
-2,-60,16
-5,-59,16
-7,-59,14
-5,-60,13
0,-60,13
1,-60,14
0,-59,14
1,-59,16
1,-60,16
0,-59,15
2,-60,16
2,-60,15
0,-59,17
-2,-59,18
-3,-59,18
0,-58,19
2,-59,20
2,-59,18
0,-58,18
1,-59,18
1,-59,19
1,-59,16
2,-59,16
3,-59,17
-1,-59,18
-3,-58,18
0,-59,19
-3,-58,19
-3,-59,19
-4,-59,17
-2,-59,18
-1,-59,18
-1,-59,17
-1,-59,17
0,-59,16
0,-59,17
-1,-59,17
0,-59,17
-1,-59,17
-1,-59,16
-2,-59,18
-2,-59,17
-2,-59,16
0,-59,17
-1,-59,17
-1,-59,17
-2,-59,17
-1,-59,17
0,-59,17
-1,-59,17
-1,-59,17
-1,-59,17
-1,-59,17
-1,-59,17
0,-59,18
-1,-59,18
-1,-59,17
-1,-59,16
0,-59,16
0,-59,16
-1,-59,16
-1,-59,16
-1,-59,16
0,-59,16
-1,-59,16
0,-59,17
0,-59,18
-1,-59,18
-1,-59,17
-1,-59,17
-1,-59,17
-1,-59,17
-1,-59,16
-1,-59,17
-1,-59,17
-1,-59,17
-1,-59,17
-1,-59,16
-1,-59,16
-1,-59,16
-1,-60,16
0,-59,16
0,-59,15
1,-59,15
1,-59,16
0,-59,16
-1,-59,17
-1,-59,19
-2,-59,18
-1,-59,18
0,-59,17
0,-59,16
0,-59,16
0,-59,17
0,-59,17
0,-59,17
-1,-59,17
0,-59,16
0,-59,17
0,-59,16
0,-59,16
0,-59,16
1,-59,16
1,-59,16
0,-59,16
0,-59,17
-1,-59,17
-2,-59,17
-1,-59,17
0,-59,17
2,-59,17
0,-59,16
0,-59,16
0,-59,16
1,-59,16
1,-59,16
1,-59,16
0,-59,17
0,-59,16
0,-59,16
0,-59,16
0,-59,18
0,-59,17
0,-59,17
1,-59,16
2,-59,15
2,-59,16
1,-60,15
1,-59,15
1,-59,16
1,-59,16
1,-59,16
2,-59,16
1,-59,16
1,-59,16
1,-59,16
1,-59,16
1,-59,16
1,-59,16
1,-59,16
2,-59,16
1,-59,16
1,-59,16
1,-59,15
2,-59,15
2,-59,16
1,-59,15
1,-60,15
1,-60,15
1,-59,15
1,-59,15
1,-59,16
1,-59,16
1,-60,16
2,-59,16
3,-60,14
0,-59,14
1,-59,17
1,-59,18
1,-59,17
1,-59,15
2,-59,15
2,-59,15
2,-59,15
2,-59,15
2,-60,15
2,-59,15
2,-59,16
1,-59,16
1,-59,16
1,-59,16
1,-59,16
1,-60,15
1,-59,16
2,-60,15
1,-59,16
1,-59,16
1,-59,16
1,-59,16
2,-59,16
2,-59,16
2,-59,16
2,-59,16
1,-59,16
1,-59,16
0,-59,16
-1,-59,16
-1,-59,15
2,-60,15
2,-60,15
3,-59,15
3,-60,15
3,-59,15
3,-59,16
2,-59,15
2,-59,16
1,-59,16
1,-59,16
1,-59,15
0,-59,15
1,-59,16
1,-59,15
1,-59,15
1,-60,15
2,-60,15
2,-60,14
2,-60,15
1,-60,15
2,-59,16
2,-59,16
2,-59,15
3,-59,15
3,-60,16
3,-60,15
-1,-59,16
-2,-59,17
-2,-59,14
2,-60,12
4,-60,13
3,-60,12
3,-60,13
3,-60,12
3,-60,12
2,-60,12
0,-60,11
3,-60,12
2,-60,12
0,-60,12
2,-60,13
1,-60,12
1,-60,12
1,-60,12
1,-60,13
1,-60,13
1,-60,13
2,-60,13
3,-60,13
2,-60,13
1,-60,13
0,-60,13
1,-60,14
1,-60,13
2,-60,13
2,-60,13
2,-60,12
2,-60,12
2,-60,12
2,-60,13
2,-60,13
1,-60,13
2,-60,12
2,-60,12
2,-60,13
1,-60,13
1,-60,14
2,-60,13
1,-60,14
1,-60,15
1,-60,15
1,-60,15
1,-60,15
0,-59,15
0,-60,15
1,-60,15
1,-60,15
1,-60,15
0,-60,15
1,-60,15
0,-60,15
1,-60,14
1,-60,14
1,-60,14
1,-60,14
1,-60,14
1,-60,14
1,-60,15
1,-60,15
0,-60,14
1,-60,15
1,-60,15
1,-60,14
1,-60,14
1,-60,14
1,-60,15
1,-60,15
1,-60,15
1,-60,14
1,-60,14
1,-60,15
0,-60,15
0,-60,15
1,-60,15
1,-60,14
1,-60,14
1,-59,15
0,-60,15
1,-60,14
2,-60,14
1,-60,14
1,-60,14
1,-60,14
1,-60,14
0,-60,15
0,-60,15
0,-60,14
1,-60,14
1,-60,14
1,-60,14
1,-60,14
2,-60,14
1,-60,14
1,-60,14
0,-60,15
1,-60,15
1,-60,14
1,-60,14
0,-60,14
1,-60,14
1,-60,14
1,-60,14
1,-60,15
2,-60,14
1,-60,14
1,-60,14
1,-60,14
0,-60,15
1,-60,15
1,-60,15
1,-60,15
1,-60,15
1,-60,15
1,-60,14
2,-60,14
3,-61,12
5,-61,8
4,-62,6
3,-61,5
2,-60,2
-2,-59,5
-6,-58,16
-5,-55,29
-6,-53,31
-13,-52,30
-17,-52,31
-24,-52,36
-20,-52,35
-8,-54,37
-2,-53,32
0,-55,32
-2,-54,29
0,-55,26
4,-55,22
4,-55,23
0,-55,28
-2,-55,28
-3,-54,31
-4,-54,30
-6,-54,29
-5,-54,33
-7,-53,32
-11,-52,29
-14,-53,25
-13,-52,29
-16,-52,29
-24,-53,27
-19,-53,29
-18,-53,31
-15,-53,30
-15,-53,28
-17,-54,24
-12,-54,24
-8,-55,24
-7,-56,23
-11,-56,24
-10,-55,25
-11,-55,24
-12,-55,25
-11,-55,26
-6,-55,28
-8,-55,26
-10,-55,25
-11,-55,26
-11,-54,27
-11,-55,27
-9,-55,28
-8,-55,27
-8,-55,26
-8,-55,25
-8,-55,25
-8,-55,26
-7,-55,26
-7,-55,26
-8,-55,25
-7,-55,26
-8,-54,26
-11,-55,25
-11,-55,24
-3,-55,29
-2,-55,29
-3,-56,27
-2,-56,27
-4,-56,24
-4,-56,24
-4,-56,25
-5,-56,26
-5,-56,27
-7,-55,26
-5,-55,25
-4,-55,25
-5,-56,24
-4,-56,24
-3,-56,27
-5,-55,29
-7,-54,28
-10,-54,24
-9,-54,26
-9,-54,28
-12,-54,30
-11,-54,27
-9,-55,27
-8,-55,25
-8,-55,25
-10,-55,25
-7,-54,28
-8,-54,27
-14,-54,24
-11,-54,26
-7,-53,29
-7,-52,31
-13,-52,32
-10,-51,37
-12,-51,37
-27,-51,29
-24,-51,27
-15,-53,30
-15,-50,32
-15,-49,40
-12,-46,46
-14,-48,50
-9,-51,34
0,-54,18
-5,-53,18
-20,-51,30
-13,-50,38
-9,-50,36
-9,-52,30
-12,-52,30
-11,-52,32
-12,-52,34
-6,-50,36
-5,-50,36
-17,-52,24
-15,-54,29
-14,-51,29
-25,-51,27
-21,-50,30
-21,-50,31
-24,-49,29
-19,-50,29
-18,-52,27
-22,-53,28
-16,-53,31
-20,-53,27
-19,-50,29
-19,-51,29
-17,-51,30
-13,-51,31
-20,-53,26
-15,-52,28
-17,-51,29
-19,-52,29
-18,-52,30
-18,-52,31
-16,-52,31
-17,-52,32
-15,-52,32
-14,-53,34
-16,-53,34
-16,-52,32
-7,-52,31
-5,-51,33
-10,-52,26
-7,-53,30
-9,-53,28
-7,-54,33
-4,-53,32
-3,-53,28
1,-54,30
3,-56,25
5,-56,22
4,-57,22
3,-56,19
12,-58,15
9,-59,12
11,-59,17
3,-58,23
4,-57,29
-6,-56,21
-3,-56,22
-2,-57,13
3,-58,15
4,-58,25
3,-57,23
4,-56,29
-4,-57,29
-7,-57,23
-5,-56,16
2,-58,14
4,-59,18
4,-57,22
2,-58,29
1,-58,27
-1,-57,21
-4,-58,17
-2,-58,18
0,-59,16
1,-59,15
4,-59,17
3,-58,22
0,-58,23
-4,-57,23
-1,-58,23
-1,-58,20
-2,-59,17
-3,-59,15
-4,-59,15
-3,-59,16
-1,-58,19
-2,-58,19
-4,-58,21
-5,-58,20
-3,-58,20
0,-58,20
0,-58,19
2,-59,20
3,-59,19
0,-59,16
0,-59,17
-1,-59,19
-1,-59,19
-1,-58,19
0,-59,19
1,-59,19
0,-59,18
0,-59,18
0,-59,17
0,-59,18
0,-59,18
-1,-59,18
0,-59,19
0,-58,18
1,-59,18
1,-59,16
0,-59,16
0,-59,17
0,-59,20
0,-58,20
-1,-58,18
-1,-58,19
0,-58,19
0,-59,18
0,-59,18
0,-59,18
0,-59,18
0,-59,17
0,-59,18
0,-59,18
-1,-59,18
0,-58,18
0,-59,17
0,-59,17
0,-59,17
0,-59,17
-1,-59,17
0,-59,18
1,-59,19
0,-59,17
0,-59,18
-1,-59,18
0,-59,18
0,-59,18
0,-59,18
0,-59,17
0,-59,18
0,-59,18
0,-59,18
0,-59,18
0,-59,18
0,-59,18
0,-59,18
0,-59,18
0,-59,18
0,-59,18
0,-59,18
0,-59,18
0,-59,18
0,-59,18
0,-59,18
0,-59,18
0,-59,18
0,-59,18
0,-59,18
0,-59,17
0,-59,18
0,-59,17
0,-59,18
0,-59,18
0,-59,18
0,-59,17
0,-59,17
0,-59,17
0,-59,17
0,-59,18
0,-59,18
0,-59,18
0,-59,18
0,-59,18
0,-59,18
0,-59,18
0,-59,18
0,-59,18
0,-59,18
0,-59,18
0,-59,17
0,-59,18
0,-59,17
0,-59,17
0,-59,17
0,-59,17
0,-59,18
0,-59,17
0,-59,17
0,-59,18
0,-59,18
0,-59,18
0,-59,18
0,-59,18
0,-59,18
0,-59,18
0,-59,18
0,-59,18
0,-59,18
0,-59,18
0,-59,18
0,-59,18
0,-59,17
0,-59,18
0,-59,18
0,-59,18
0,-59,18
0,-59,18
0,-59,17
0,-59,17
0,-59,17
0,-59,17
0,-59,17
0,-59,17
0,-59,17
0,-59,17
0,-59,17
0,-59,18
0,-59,18
0,-59,18
0,-59,18
0,-59,18
-1,-59,19
0,-59,18
0,-59,17
1,-59,16
1,-59,16
0,-59,16
0,-59,17
1,-59,17
1,-59,17
0,-59,17
-1,-59,18
-2,-59,19
1,-59,20
2,-59,18
-7,-57,14
5,-60,16
13,-59,15
9,-59,15
0,-59,13
-1,-58,14
9,-59,16
14,-59,9
11,-59,12
16,-58,21
6,-57,26
4,-57,28
0,-56,27
-6,-57,25
-12,-61,21
-12,-61,13
-8,-61,10
-10,-59,5
-14,-59,-4
-4,-55,15
-4,-53,30
-41,-39,40
-57,-29,59
-15,-30,46
8,-50,46
2,-47,42
-9,-50,38
-7,-50,37
-4,-48,34
5,-49,36
-9,-44,35
-27,-51,46
-10,-48,44
2,-50,44
-3,-51,35
-10,-50,31
-11,-49,31
-13,-50,31
-12,-48,32
-14,-49,37
-6,-47,42
-7,-48,42
-13,-47,38
-16,-47,37
-14,-47,37
-11,-48,37
-10,-48,37
-11,-48,37
-13,-48,38
-14,-47,38
-13,-47,39
-12,-47,38
-15,-46,37
-14,-46,37
-21,-47,31
-18,-48,31
-3,-48,37
-2,-49,39
-5,-49,38
-1,-49,38
2,-49,38
2,-48,38
-2,-48,37
-8,-48,38
-10,-48,40
-9,-47,42
-13,-46,39
-13,-47,39
-10,-46,42
-9,-47,40
-6,-49,36
-3,-48,37
-2,-48,37
-3,-48,41
-8,-46,42
-8,-46,44
-9,-42,41
-6,-46,40
-5,-47,40
-5,-47,40
-6,-47,40
-7,-46,38
-6,-47,39
-5,-47,39
-5,-47,39
-5,-47,40
-5,-47,40
-6,-47,39
-10,-47,39
-10,-46,39
-10,-46,40
-7,-46,41
-6,-47,41
-3,-43,43
-8,-51,37
-7,-47,39
-9,-46,41
-8,-46,40
-7,-46,40
-8,-46,40
-8,-47,39
-8,-46,39
-7,-47,39
-6,-47,39
-6,-47,40
-8,-47,38
-7,-47,39
-4,-47,39
-7,-46,42
-6,-46,41
-6,-47,40
-7,-47,39
-8,-47,38
-6,-48,39
-5,-48,39
-8,-47,38
-6,-46,39
-5,-47,40
-7,-46,39
-6,-47,40
-7,-47,39
-7,-47,39
-7,-47,38
-5,-47,39
-8,-46,41
-7,-47,42
-8,-47,40
-8,-47,39
-8,-47,37
-6,-48,38
-6,-47,39
-7,-47,39
-9,-46,42
-5,-49,40
-11,-47,36
-7,-48,37
-9,-47,37
-10,-47,38
-11,-46,39
-8,-46,41
-9,-46,41
-9,-47,40
-9,-47,39
-7,-47,39
-6,-46,39
-6,-47,39
-7,-47,39
-8,-47,39
-9,-47,38
-9,-47,39
-9,-47,39
-9,-47,39
-9,-47,39
-10,-46,39
-11,-47,42
-9,-47,40
-9,-47,38
-9,-47,37
-6,-48,38
-6,-47,38
-9,-46,40
-9,-46,41
-10,-46,40
-11,-47,38
-9,-47,37
-7,-47,37
-6,-47,40
-7,-47,40
-9,-46,41
-10,-46,42
-11,-46,41
-10,-46,39
-6,-47,37
-5,-47,38
-8,-45,39
-8,-45,42
-7,-46,43
-9,-46,41
-10,-47,39
-9,-47,38
-10,-46,38
-9,-46,40
-7,-46,42
-9,-46,40
-9,-47,39
-9,-46,38
-5,-46,41
-7,-47,41
-7,-46,41
-11,-46,40
-12,-46,38
-8,-47,39
-8,-47,39
-9,-47,38
-8,-47,38
-9,-46,39
-10,-47,39
-10,-47,39
-9,-46,39
-10,-46,39
-9,-46,38
-8,-46,39
-6,-47,41
-5,-46,41
-5,-47,40
-2,-46,41
-5,-45,41
-12,-44,38
-13,-46,36
-11,-47,38
-12,-47,36
-9,-48,48
-10,-46,46
-12,-46,43
-8,-47,41
-13,-48,35
-14,-48,34
-12,-48,36
-8,-47,37
-11,-48,36
-6,-49,39
-7,-46,42
-13,-47,39
-10,-46,40
-11,-47,38
-10,-48,36
-8,-47,36
-6,-47,37
-7,-47,37
-11,-47,38
-11,-46,40
-10,-48,39
-10,-47,38
-11,-47,38
-11,-47,37
-11,-47,38
-9,-47,40
-9,-47,40
-11,-47,39
-9,-46,41
-9,-46,41
-10,-47,40
-10,-47,39
-9,-47,39
-9,-47,39
-10,-47,38
-10,-47,38
-11,-46,39
-11,-46,39
-11,-46,40
-12,-47,39
-11,-46,39
-10,-47,38
-9,-47,39
-10,-46,39
-10,-47,40
-10,-46,40
-10,-46,39
-9,-47,39
-10,-46,39
-11,-46,39
-11,-46,40
-11,-46,40
-10,-46,39
-10,-46,39
-10,-46,40
-10,-46,39
-10,-46,39
-10,-46,39
-11,-46,39
-11,-46,39
-10,-46,40
-10,-46,40
-10,-47,40
-11,-46,39
-9,-46,40
-9,-47,40
-10,-46,39
-10,-47,39
-9,-46,39
-9,-46,39
-9,-46,39
-10,-46,39
-9,-46,39
-9,-47,40
-10,-46,40
-11,-47,39
-10,-46,40
-10,-46,39
-10,-46,40
-10,-46,40
-10,-46,40
-10,-46,40
-10,-46,40
-9,-46,40
-9,-46,40
-9,-46,39
-9,-46,40
-9,-46,40
-10,-46,40
-9,-46,40
-9,-46,40
-9,-46,39
-9,-46,40
-9,-46,41
-8,-46,40
-8,-46,40
-8,-46,40
-8,-46,40
-9,-46,39
-7,-46,41
-8,-46,41
-8,-46,40
-8,-46,40
-6,-46,41
-6,-46,41
-7,-46,40
-7,-46,41
-6,-46,42
-8,-46,42
-11,-46,44
-12,-45,42
-8,-46,41
-7,-46,41
-5,-46,40
-3,-46,39
-1,-46,39
1,-46,40
-1,-45,42
-2,-45,42
-2,-45,41
-2,-45,42
-2,-45,45
0,-46,45
-2,-45,43
-10,-45,40
-12,-45,37
-11,-45,39
-10,-45,42
-7,-45,43
-8,-45,43
-9,-45,40
-8,-45,41
-9,-46,40
-10,-45,41
-10,-46,41
-11,-46,40
-9,-46,38
-8,-46,40
-9,-46,41
-11,-45,41
-10,-45,41
-11,-45,41
-12,-45,41
-12,-45,40
-11,-45,40
-11,-45,41
-11,-45,41
-11,-45,40
-10,-45,41
-11,-45,41
-10,-45,41
-10,-45,40
-10,-46,40
-11,-45,40
-11,-47,39
-10,-46,41
-12,-45,40
-11,-45,39
-8,-45,41
-8,-45,39
-8,-46,39
-9,-46,41
-11,-45,42
-13,-45,41
-14,-45,40
-11,-45,42
-11,-46,39
-11,-45,39
-10,-46,39
-9,-46,38
-10,-46,41
-10,-45,42
-11,-45,41
-10,-45,41
-9,-46,41
-10,-46,40
-10,-45,40
-9,-46,40
-10,-46,43
-11,-46,42
-15,-45,37
-13,-45,39
-11,-45,41
-13,-45,40
-13,-45,40
-12,-45,40
-12,-45,40
-12,-46,40
-12,-46,39
-11,-46,40
-12,-45,40
-12,-45,40
-12,-45,40
-12,-45,39
-13,-45,40
-12,-45,40
-12,-45,40
-12,-45,40
-12,-46,39
-12,-45,39
-11,-45,40
-12,-45,40
-11,-45,40
-12,-45,40
-12,-45,40
-12,-45,40
-13,-46,39
-10,-46,41
-11,-46,40
-11,-45,40
-11,-46,40
-11,-45,41
-12,-45,41
-12,-45,41
-11,-45,41
-11,-45,40
-11,-45,40
-11,-46,40
-11,-45,41
-10,-45,41
-10,-45,41
-10,-45,41
-11,-45,40
-11,-45,41
-11,-45,41
-11,-45,41
-11,-45,41
-11,-45,41
-11,-45,41
-11,-45,41
-11,-45,41
-11,-45,42
-12,-45,42
-10,-45,41
-10,-46,40
-10,-45,39
-12,-46,38
-12,-45,40
-12,-45,41
-11,-45,41
-11,-45,40
-11,-45,40
-10,-45,41
-9,-45,41
-10,-45,41
-10,-46,40
-10,-45,40
-10,-46,40
-11,-45,41
-10,-45,42
-9,-45,42
-6,-46,39
-6,-47,37
-10,-46,36
-13,-46,37
-15,-45,38
-17,-42,48
-10,-47,46
-9,-47,41
-13,-47,35
-16,-45,35
-12,-45,40
-5,-46,43
-5,-46,41
-11,-46,39
-15,-45,39
-14,-45,41
-11,-45,41
-10,-46,40
-11,-46,39
-12,-46,39
-12,-46,40
-12,-45,40
-11,-46,40
-11,-46,40
-10,-45,40
-11,-45,40
-12,-45,40
-17,-45,38
-12,-46,40
-10,-45,41
-7,-47,40
-4,-46,40
-3,-46,41
-3,-46,41
-5,-46,41
-13,-45,40
-14,-45,42
-12,-45,42
-5,-46,40
-7,-47,38
-9,-46,38
-14,-46,38
-13,-45,42
-9,-45,44
-5,-46,42
-9,-46,38
-9,-47,37
-6,-47,37
-8,-46,37
-15,-45,40
-21,-44,42
-16,-44,43
-1,-45,45
5,-47,41
3,-47,41
-8,-46,39
-11,-45,41
-9,-46,41
-10,-46,39
-7,-47,37
-8,-47,37
-12,-46,39
-11,-45,41
-10,-45,43
-7,-46,40
-6,-45,40
-5,-47,39
-4,-46,40
-5,-46,40
-8,-46,41
-13,-45,40
-15,-45,41
-13,-45,42
-2,-47,43
0,-46,41
-2,-48,38
-9,-47,36
-15,-46,36
-12,-45,41
-10,-45,43
-7,-45,44
-6,-45,42
-7,-47,40
-10,-47,37
-15,-46,36
-14,-46,37
-8,-46,41
-7,-46,42
-7,-45,42
-8,-47,40
-8,-46,38
-8,-47,39
-11,-46,40
-12,-45,41
-11,-46,41
-7,-47,41
-7,-47,40
-8,-47,37
-7,-52,40
-11,-42,38
-5,-46,39
-5,-43,44
-1,-43,45
-1,-44,44
-5,-43,44
-13,-42,43
-14,-42,43
-12,-41,44
-9,-48,43
-5,-57,37
-4,-43,41
-6,-45,43
-7,-45,39
-5,-45,38
-7,-44,42
-11,-46,43
-12,-45,44
-10,-45,42
-9,-45,40
-4,-45,40
-4,-46,39
-5,-46,39
-13,-45,39
-14,-45,40
-11,-45,41
-8,-45,43
-5,-45,44
-5,-44,44
-7,-45,44
-6,-46,44
-5,-46,40
-12,-45,37
-14,-45,37
-11,-45,40
-10,-45,41
-10,-45,41
-8,-45,42
-10,-46,41
-12,-46,40
-12,-45,40
-6,-46,41
-7,-46,41
-8,-46,39
-7,-46,40
-8,-46,40
-9,-45,42
-10,-45,42
-9,-46,39
-8,-46,38
-8,-46,40
-8,-46,41
-9,-46,40
-9,-46,40
-9,-46,40
-9,-46,40
-8,-45,42
-8,-46,41
-7,-46,40
-7,-47,40
-9,-45,40
-9,-45,40
-12,-45,41
-11,-45,42
-9,-46,42
-6,-47,40
-8,-46,39
-11,-45,39
-13,-45,40
-10,-46,41
-8,-46,40
-5,-46,41
-6,-46,41
-11,-44,41
-12,-45,41
-12,-45,40
-7,-47,39
-7,-46,41
-8,-45,41
-9,-46,41
-11,-45,38
-9,-46,39
-5,-47,40
-6,-46,40
-9,-45,40
-13,-46,38
-14,-45,38
-8,-47,41
-10,-46,41
-13,-45,40
-13,-45,42
-14,-45,39
-11,-45,40
-11,-46,41
-11,-46,41
-8,-45,42
-10,-45,42
-10,-45,40
-8,-47,40
-8,-46,41
-9,-46,38
-2,-42,47
-6,-44,45
-8,-43,45
3,-41,45
-6,-53,28
-1,-48,30
-13,-46,34
-24,-45,41
-26,-43,41
-12,-46,45
-7,-48,45
-10,-47,43
-18,-45,39
-21,-43,39
-26,-51,30
-16,-52,26
-8,-55,24
-14,-53,17
-30,-51,21
-31,-47,30
-28,-40,40
-25,-43,43
-23,-43,43
-32,-44,35
-26,-43,33
-17,-49,31
-11,-51,31
-7,-51,33
1,-52,43
0,-51,44
-5,-51,39
-13,-51,30
-18,-51,28
-20,-51,28
-12,-52,29
-2,-56,25
-1,-57,22
-8,-56,19
-13,-56,20
-16,-53,25
-15,-51,33
-13,-51,36
-10,-50,40
-9,-53,38
-10,-53,34
-15,-53,24
-11,-56,20
-8,-57,20
-2,-59,19
-1,-59,18
-4,-59,17
-8,-59,15
-3,-60,15
-3,-60,14
-11,-58,14
-11,-58,15
-18,-55,13
-11,-54,25
-6,-54,33
-2,-53,36
-6,-53,36
-12,-53,34
-22,-51,29
-24,-50,28
-18,-51,30
-5,-53,34
-1,-54,34
-8,-54,29
-15,-53,25
-15,-53,26
-17,-52,29
-9,-52,33
-6,-52,35
-5,-53,36
-12,-52,33
-16,-51,31
-16,-52,28
-14,-53,28
-14,-53,29
-11,-54,29
-11,-54,29
-7,-54,29
-4,-56,27
-5,-56,28
-20,-53,23
-23,-52,24
-25,-51,23
-18,-54,25
-13,-54,28
-12,-55,27
-13,-55,24
-17,-54,22
-24,-53,21
-23,-52,27
-22,-51,29
-19,-49,34
-20,-48,33
-20,-47,33
-23,-45,32
-19,-37,27
-18,-41,29
-5,-16,23
-15,-16,28
-28,-13,33
-20,-9,50
-17,-5,59
-29,-11,54
-59,-22,40
-74,-35,31
-68,-40,30
-57,-44,30
-54,-40,25
-116,-52,69
-36,-32,36
-23,-45,45
-78,-20,35
-52,-23,44
-31,-26,51
-27,-17,55
-31,-16,49
-45,-16,40
-49,-14,31
-58,-11,45
-51,-11,40
-47,-12,38
-50,-15,36
-49,-16,37
-50,-17,40
-47,-21,36
-45,-22,40
-46,-20,42
-43,-18,45
-44,-15,42
-43,-14,39
-43,-18,35
-48,-18,37
-46,-17,42
-50,-18,39
-47,-16,38
-48,-15,41
-48,-17,40
-46,-18,41
-44,-19,41
-45,-19,42
-43,-16,43
-44,-16,41
-50,-19,40
-49,-18,38
-48,-15,39
-50,-13,37
-49,-13,37
-48,-13,37
-49,-15,38
-50,-15,38
-50,-16,39
-47,-17,40
-48,-15,39
-50,-15,38
-51,-14,37
-47,-10,39
-48,-10,38
-48,-11,38
-50,-14,37
-50,-15,38
-49,-15,39
-47,-15,41
-47,-14,40
-47,-15,40
-47,-16,40
-47,-16,40
-48,-16,39
-50,-15,38
-47,-15,40
-47,-15,40
-47,-15,40
-48,-15,39
-48,-14,39
-48,-15,39
-48,-16,39
-48,-16,38
-46,-17,37
-49,-17,38
-46,-17,40
-47,-18,39
-48,-19,38
-50,-19,36
-50,-18,36
-50,-16,36
-49,-16,37
-50,-16,36
-50,-17,36
-52,-17,35
-51,-17,35
-50,-16,36
-50,-16,36
-50,-16,36
-50,-17,36
-51,-18,36
-51,-18,36
-50,-16,37
-50,-15,37
-47,-12,38
-48,-12,38
-47,-12,39
-49,-12,38
-53,-13,35
-53,-14,35
-50,-16,38
-49,-16,38
-48,-16,39
-46,-14,40
-46,-13,42
-47,-15,41
-51,-16,35
-54,-14,37
-54,-13,36
-49,-11,39
-49,-12,37
-48,-14,37
-44,-13,41
-44,-15,42
-43,-16,40
-47,-19,21
-46,-17,53
-47,-21,34
-52,-16,48
-54,-14,46
-49,-13,42
-47,-15,37
-46,-18,37
-47,-17,38
-49,-17,38
-46,-15,39
-47,-11,39
-48,-9,39
-48,-9,39
-47,-14,42
-45,-17,43
-41,-21,46
-42,-20,46
-45,-17,44
-47,-13,43
-48,-12,42
-45,-11,46
-44,-16,52
-46,-15,58
-61,-8,59
-76,-15,66
-60,-25,42
-63,-24,28
-63,-36,38
-59,-35,41
-53,-39,32
-48,-46,24
-47,-56,8
-50,-49,8
-50,-39,10
-39,-27,17
-37,-22,6
-38,-20,3
-37,-17,19
-42,-17,20
-37,-20,18
-11,-31,37
-11,-35,33
-28,-43,9
-14,-44,22
-14,-41,21
-6,-42,11
7,-47,9
8,-49,8
4,-60,6
-11,-75,3
-17,-85,-2
-29,-83,9
-31,-77,2
-31,-72,-4
-32,-65,-9
-29,-65,-9
-26,-63,-14
-19,-62,-13
-14,-60,-13
-5,-57,-6
-11,-51,-4
-15,-52,-6
-14,-69,2
-2,-49,21
5,-52,25
1,-57,15
-8,-60,8
-12,-62,8
-4,-60,12
0,-61,7
2,-61,7
-13,-58,14
-20,-59,13
-17,-59,14
-15,-60,11
-14,-60,9
-16,-60,7
-10,-60,9
-8,-61,9
-1,-61,12
-7,-61,8
-7,-61,7
-9,-61,8
-9,-61,8
-11,-61,7
-11,-60,8
-11,-60,9
-8,-60,10
-8,-60,10
-8,-61,9
-9,-61,5
-4,-61,6
-2,-61,9
-7,-60,8
-6,-61,10
-2,-61,12
-3,-60,16
-6,-60,17
-10,-60,15
-15,-59,4
-19,-59,1
-18,-60,2
-14,-61,-1
-8,-60,1
-20,-60,0
-19,-59,0
-15,-59,4
-13,-60,3
-14,-61,3
-15,-60,3
-12,-60,5
-13,-61,1
-14,-60,2
-13,-61,3
-12,-61,3
-12,-61,3
-11,-61,2
-11,-61,1
-12,-61,3
-13,-60,4
-13,-60,5
-13,-60,5
-14,-60,2
-13,-61,3
-13,-61,3
-13,-61,3
-13,-60,3
-12,-61,4
-12,-61,4
-12,-61,4
-13,-61,3
-13,-60,3
-15,-61,1
-13,-60,4
-11,-60,6
-9,-61,7
-10,-61,6
-11,-61,6
-13,-61,5
-13,-60,5
-13,-60,3
-14,-61,2
-14,-61,2
-13,-60,3
-13,-60,5
-12,-60,5
-13,-61,3
-13,-61,4
-12,-60,4
-12,-60,4
-12,-61,3
-12,-61,2
-11,-61,2
-10,-61,2
-12,-61,2
-10,-61,4
-14,-60,5
-16,-61,1
-10,-61,5
-8,-61,6
-5,-62,2
-11,-61,-1
-13,-61,-1
-9,-61,3
-6,-61,3
-4,-61,6
-8,-61,5
-9,-61,4
-10,-61,3
-9,-61,4
-9,-61,3
-9,-61,4
-9,-61,4
-12,-61,3
-13,-60,3
-11,-61,5
-11,-61,4
-9,-61,5
-9,-61,4
-10,-61,4
-11,-61,3
-11,-61,4
-11,-61,4
-11,-60,4
-11,-61,4
-10,-61,4
-10,-61,4
-10,-61,4
-10,-61,4
-9,-61,4
-11,-61,3
-9,-61,3
-7,-61,3
-5,-61,3
-9,-61,4
-11,-61,3
-15,-60,2
-17,-60,3
-17,-60,3
-14,-61,4
-13,-60,5
-13,-60,5
-13,-61,5
-12,-60,5
-12,-61,4
-11,-61,4
-11,-61,4
-11,-61,4
-11,-61,3
-11,-61,3
-11,-61,3
-11,-61,3
-12,-61,3
-11,-61,3
-11,-61,3
-11,-61,3
-11,-61,3
-11,-61,3
-11,-61,3
-11,-61,4
-11,-61,4
-12,-61,3
-12,-60,4
-12,-61,4
-12,-60,5
-12,-61,4
-13,-61,4
-12,-60,4
-13,-61,4
-12,-60,5
-12,-61,5
-13,-60,4
-12,-61,4
-12,-61,4
-12,-61,4
-12,-61,4
-12,-60,5
-12,-60,4
-12,-61,4
-12,-61,4
-13,-60,5
-13,-60,5
-13,-60,4
-13,-60,4
-12,-60,5
-12,-61,4
-12,-61,4
-12,-61,4
-12,-61,4
-12,-61,4
-13,-61,4
-12,-61,5
-12,-60,4
-12,-60,4
-12,-61,4
-12,-61,4
-12,-61,5
-12,-60,5
-13,-61,4
-13,-60,5
-12,-61,5
-12,-61,4
-12,-61,4
-12,-60,4
-12,-61,4
-13,-60,4
-13,-60,5
-13,-60,5
-13,-60,5
-13,-60,5
-13,-60,5
-13,-60,5
-12,-60,5
-12,-60,4
-12,-60,4
-10,-61,4
-11,-61,4
-12,-61,4
-12,-61,4
-12,-61,4
-12,-61,4
-12,-61,4
-12,-61,5
-12,-60,5
-11,-60,6
-13,-61,5
-14,-61,6
-11,-61,7
-11,-60,3
-13,-61,2
-12,-61,1
-12,-60,0
-14,-60,2
-14,-60,2
-12,-61,1
-13,-61,2
-13,-60,3
-14,-60,-1
-16,-60,-3
-17,-60,0
-22,-60,-2
-19,-59,-1
-17,-60,0
-15,-60,1
-15,-60,1
-14,-60,-1
-12,-60,-1
-13,-61,-2
-15,-60,0
-14,-60,0
-16,-60,-1
-16,-60,0
-16,-60,0
-15,-60,0
-15,-60,0
-15,-60,-1
-15,-60,-1
-15,-60,0
-13,-61,0
-13,-60,0
-18,-60,-3
-15,-61,-1
-5,-61,5
-10,-61,2
-15,-61,1
-17,-60,2
-17,-60,3
-17,-60,2
-18,-60,2
-17,-60,2
-11,-60,1
-9,-61,1
-10,-61,0
-13,-60,1
-14,-61,1
-15,-60,1
-17,-60,1
-16,-60,0
-16,-61,0
-13,-60,2
-14,-60,2
-13,-61,0
-10,-61,2
-11,-61,0
-11,-61,1
-12,-61,1
-12,-61,2
-11,-60,5
-15,-60,1
-15,-61,1
-14,-61,2
-13,-60,3
-13,-61,3
-12,-61,3
-12,-61,3
-13,-61,2
-15,-60,2
-16,-61,2
-16,-60,4
-14,-60,6
-13,-60,6
-13,-60,5
-12,-60,1
-9,-61,-1
-7,-62,-4
-7,-61,-1
-9,-62,0
-10,-61,3
-10,-61,3
-8,-61,3
-7,-60,3
-4,-62,3
-4,-62,0
-2,-62,1
-3,-62,0
-12,-61,-1
-13,-61,3
-9,-61,2
-6,-61,0
-5,-62,0
-2,-62,3
1,-63,4
-1,-61,5
-4,-61,8
-7,-61,4
-8,-61,2
-9,-61,2
-8,-61,2
-7,-61,3
-7,-61,4
-7,-61,4
-8,-61,4
-9,-61,5
-9,-61,4
-10,-61,4
-10,-61,3
-10,-61,4
-9,-61,4
-9,-61,4
-9,-61,4
-9,-61,4
-9,-61,4
-9,-61,3
-9,-61,4
-8,-61,3
-8,-61,4
-9,-61,3
-9,-61,3
-9,-61,3
-9,-61,3
-9,-61,3
-8,-61,3
-9,-61,3
-9,-61,3
-9,-61,4
-8,-61,3
-8,-61,4
-9,-61,3
-9,-61,4
-9,-61,3
-9,-61,4
-9,-61,4
-8,-61,3
-8,-61,3
-8,-61,3
-9,-61,3
-9,-61,3
-9,-61,3
-9,-61,3
-9,-61,3
-9,-61,4
-9,-61,4
-8,-61,4
-8,-61,3
-8,-61,3
-9,-61,3
-9,-61,3
-9,-61,3
-9,-61,3
-9,-61,3
-8,-61,4
-9,-61,4
-8,-61,4
-9,-61,4
-8,-61,4
-9,-61,3
-8,-61,3
-8,-61,3
-9,-61,3
-9,-61,3
-9,-61,3
-9,-61,4
-9,-61,4
-9,-61,3
-9,-61,4
-9,-61,4
-9,-61,3
-9,-61,4
-9,-61,4
-9,-61,3
-10,-61,3
-10,-61,4
-10,-61,4
-9,-61,4
-9,-61,4
-9,-61,4
-9,-61,4
-9,-61,3
-8,-61,3
-8,-61,3
-9,-61,3
-9,-61,3
-9,-61,3
-9,-61,3
-9,-61,3
-9,-61,3
-8,-61,3
-8,-61,3
-9,-61,3
-9,-61,3
-8,-61,3
-9,-61,3
-9,-61,3
-9,-61,3
-9,-61,3
-9,-61,4
-9,-61,4
-9,-61,3
-8,-61,4
-8,-61,4
-9,-61,3
-9,-61,3
-9,-61,3
-9,-61,3
-9,-61,3
-9,-61,3
-8,-61,3
-9,-61,3
-9,-61,3
-9,-61,3
-8,-61,4
-8,-61,4
-9,-61,4
-9,-61,4
-9,-61,3
-9,-61,3
-9,-61,3
-9,-61,3
-8,-61,3
-8,-61,3
-7,-61,5
-5,-61,5
-9,-61,2
-11,-61,2
-12,-61,2
-10,-61,3
-9,-61,3
-10,-61,3
-9,-61,4
-8,-61,3
-8,-61,3
-8,-61,3
-8,-61,4
-9,-61,3
-9,-61,3
-8,-61,4
-9,-61,3
-9,-61,3
-9,-61,4
-9,-61,3
-9,-61,3
-9,-61,3
-9,-61,4
-9,-61,4
-9,-61,3
-8,-61,3
-8,-61,4
-9,-61,4
-9,-61,4
-9,-61,4
-9,-61,4
-8,-61,3
-8,-61,3
-9,-61,3
-9,-61,4
-9,-61,4
-9,-61,4
-9,-61,3
-8,-61,4
-9,-61,3
-9,-61,4
-9,-61,4
-9,-61,3
-9,-61,3
-8,-61,3
-8,-61,3
-8,-61,3
-9,-61,3
-8,-61,4
-9,-61,4
-8,-61,4
-8,-61,4
-9,-61,4
-9,-61,4
-9,-61,3
-9,-61,3
-9,-61,4
-9,-61,4
-9,-61,4
-9,-61,4
-9,-61,4
-9,-61,4
-9,-61,4
-9,-61,4
-9,-61,4
-10,-61,4
-11,-61,4
-10,-61,4
-9,-61,3
-9,-61,4
-9,-61,4
-9,-61,3
-9,-61,3
-9,-61,4
-9,-61,4
-10,-61,4
-10,-61,4
-9,-61,4
-9,-61,3
-9,-61,3
-9,-61,3
-9,-61,3
-9,-61,4
-9,-61,3
-9,-61,4
-9,-61,4
-9,-61,3
-9,-61,4
-9,-61,3
-9,-61,3
-9,-61,4
-9,-61,3
-9,-61,4
-9,-61,4
-9,-61,4
-9,-61,3
-9,-61,4
-9,-61,4
-9,-61,4
-9,-61,4
-9,-61,4
-9,-61,4
-9,-61,4
-9,-61,3
-9,-61,4
-9,-61,4
-9,-61,3
-8,-61,4
-8,-61,4
-9,-61,3
-10,-61,3
-10,-61,4
-10,-61,3
-10,-61,3
-9,-61,4
-9,-61,3
-9,-61,4
-9,-61,3
-9,-61,3
-9,-61,3
-9,-61,4
-9,-61,4
-9,-61,4
-9,-61,4
-9,-61,3
-9,-61,3
-9,-61,3
-9,-61,3
-9,-61,3
-9,-61,3
-9,-61,3
-9,-61,3
-9,-61,3
-9,-61,4
-9,-61,3
-10,-61,3
-9,-61,3
-9,-61,3
-9,-61,3
-9,-61,3
-9,-61,3
-9,-61,3
-8,-61,3
-9,-61,3
-9,-61,4
-9,-61,4
-9,-61,3
-9,-61,3
-8,-61,4
-9,-61,3
-10,-61,3
-9,-61,3
-9,-61,3
-9,-61,3
-9,-61,3
-9,-61,3
-9,-61,3
-9,-61,3
-9,-61,3
-10,-61,3
-9,-61,3
-9,-61,4
-9,-61,3
-10,-61,4
-9,-61,3
-9,-61,3
-9,-61,3
-9,-61,3
-9,-61,3
-10,-61,3
-9,-61,3
-9,-61,3
-9,-61,3
-9,-61,3
-9,-61,3
-9,-61,3
-9,-61,4
-9,-61,4
-10,-61,4
-10,-61,4
-9,-61,3
-9,-61,3
-9,-61,3
-12,-61,2
-14,-61,0
-13,-61,-2
-5,-60,3
-10,-61,5
-6,-60,11
-5,-61,11
1,-61,12
1,-61,10
-3,-61,4
0,-62,2
-1,-62,0
2,-63,1
4,-62,4
1,-61,5
1,-60,14
-3,-60,12
-11,-59,10
-1,-60,11
-1,-61,9
-1,-61,7
2,-61,6
1,-61,5
0,-61,3
2,-61,12
2,-61,15
4,-59,22
2,-59,21
-3,-60,13
-1,-60,11
-1,-60,11
-1,-60,11
2,-60,12
2,-61,12
1,-60,12
0,-60,12
0,-60,12
0,-60,11
0,-61,10
1,-61,10
1,-61,9
1,-61,9
2,-61,10
1,-61,10
1,-61,10
1,-61,10
2,-61,11
1,-61,10
1,-61,10
1,-61,10
1,-61,10
1,-61,10
1,-61,10
1,-61,10
1,-61,10
1,-61,10
1,-61,10
1,-61,10
1,-61,10
1,-61,9
1,-61,10
1,-61,9
1,-61,9
2,-61,9
1,-61,9
1,-61,10
1,-61,10
1,-61,10
1,-61,10
1,-61,10
2,-61,10
2,-61,9
1,-61,10
0,-61,10
1,-61,9
1,-61,9
2,-61,9
1,-61,9
1,-61,10
0,-61,10
1,-61,10
0,-61,10
1,-61,10
2,-61,10
2,-61,10
2,-61,8
3,-61,7
-1,-61,4
-1,-61,8
2,-61,11
5,-61,10
4,-61,9
2,-61,7
3,-61,7
4,-61,8
3,-61,8
2,-61,9
3,-61,9
3,-61,8
3,-61,9
3,-61,10
3,-61,9
2,-61,9
2,-60,10
1,-61,10
1,-61,10
2,-61,10
3,-61,10
3,-61,9
2,-61,8
2,-61,9
2,-61,9
1,-61,8
3,-61,9
3,-61,9
3,-61,10
3,-61,12
-1,-60,13
-1,-60,13
-2,-60,13
-1,-60,11
4,-61,9
4,-61,8
4,-61,7
8,-61,9
8,-61,8
8,-61,8
4,-61,7
3,-61,9
1,-60,12
0,-60,14
-2,-60,12
-2,-61,9
0,-61,10
3,-61,11
1,-60,11
1,-60,12
1,-60,12
1,-60,10
1,-60,11
-1,-60,9
0,-60,10
2,-61,13
3,-60,14
3,-60,13
5,-61,11
6,-61,9
6,-61,9
5,-61,11
1,-60,11
-2,-60,11
-3,-61,10
0,-61,9
2,-61,8
3,-61,8
2,-61,10
2,-60,11
0,-60,13
-1,-60,14
-2,-60,14
-3,-60,14
-2,-60,13
-1,-60,10
2,-61,9
3,-61,8
4,-61,8
4,-61,7
3,-61,7
2,-61,9
0,-61,9
0,-61,9
0,-61,11
0,-61,10
1,-61,10
1,-61,10
1,-61,10
1,-61,10
1,-61,9
1,-61,10
0,-61,9
1,-61,10
1,-61,10
1,-61,10
1,-61,10
1,-61,10
1,-61,10
1,-61,9
1,-61,9
0,-60,11
-3,-60,14
-9,-59,19
-2,-58,39
9,-58,42
19,-56,6
28,-62,-11
33,-66,-17
16,-63,-28
-23,-66,-40
-29,-66,-37
-16,-62,-18
-7,-62,-7
-3,-56,8
-18,-53,12
-33,-53,15
-46,-55,11
-38,-56,5
-32,-61,-3
14,-61,7
-9,-63,-9
-13,-61,-12
-25,-60,-13
-19,-60,-4
-16,-59,-4
-28,-58,-6
-35,-58,-9
-34,-55,4
-24,-58,0
-18,-57,5
-17,-60,-4
-13,-61,-6
-8,-61,-5
-15,-60,-4
-18,-59,-2
-22,-58,-3
-16,-59,-2
-13,-60,-3
-17,-60,-4
-22,-59,-2
-20,-60,-3
-14,-59,-2
-16,-60,-4
-18,-61,-7
-18,-60,-7
-24,-59,-8
-20,-59,-6
-13,-59,-2
-17,-60,-4
-19,-60,-5
-21,-59,-5
-24,-58,-2
-19,-58,1
-13,-60,-6
-15,-60,-9
-27,-61,-5
-27,-59,-5
-25,-60,-3
-14,-59,-3
-19,-57,1
-23,-59,-3
-21,-60,-5
-20,-59,-3
-18,-60,-4
-17,-60,-5
-13,-60,-6
-9,-61,-8
-20,-58,-9
-18,-58,-4
-15,-60,-1
-16,-61,-8
-11,-59,-1
-23,-60,-2
-14,-56,2
-19,-62,-11
-13,-61,-16
-17,-58,1
-17,-61,-1
-14,-59,5
-13,-59,4
-14,-61,-1
-11,-61,1
-10,-60,0
-13,-61,-5
-16,-61,-8
-13,-61,-7
-7,-61,-6
-7,-61,-5
-10,-60,-6
-15,-59,-6
-20,-60,-7
-22,-58,-8
-22,-60,-8
-19,-59,-5
-16,-60,-5
-14,-61,-11
-19,-59,-15
-20,-59,-8
-21,-59,-7
-25,-59,-7
-26,-58,-7
-13,-58,-2
-15,-59,-2
-19,-58,-6
-18,-59,-6
-18,-59,-8
-20,-58,-9
-21,-59,-9
-27,-58,-8
-31,-58,-9
-26,-57,-4
-29,-57,-9
-27,-57,-11
-25,-58,-9
-24,-59,-12
-20,-58,-11
-19,-59,-11
-16,-58,-11
-14,-59,-11
-4,-59,-9
0,-62,-7
-1,-62,-6
-7,-61,-7
-14,-60,-10
-17,-61,-10
-14,-60,-6
-17,-60,-8
-15,-60,-8
-10,-59,-9
-6,-59,-7
-12,-61,-9
-7,-61,-8
-7,-62,-8
-7,-61,-5
-15,-61,-9
-13,-60,-7
-11,-61,-8
-10,-61,-10
-12,-61,-11
-12,-60,-11
-12,-60,-7
-13,-60,-6
-11,-61,-5
-12,-61,-6
-12,-60,-7
-11,-61,-9
-8,-61,-8
-8,-62,-9
-7,-62,-9
-8,-62,-6
-9,-61,-2
-11,-61,-2
-12,-60,-2
-11,-60,-1
-11,-60,-2
-13,-60,-4
-16,-60,-10
-19,-59,-16
-14,-61,-16
-7,-61,-7
-5,-61,-2
-9,-60,0
-15,-59,-2
-16,-59,-2
-4,-61,-2
8,-62,-6
18,-63,-5
26,-63,-6
22,-63,-8
21,-62,-7
24,-59,-7
22,-58,-6
21,-51,-1
3,-36,0
-7,-26,3
-22,-23,28
-18,-38,36
-23,-39,30
2,-39,65
-28,-40,88
-28,-41,91
-33,-31,75
-32,-36,45
-34,-31,39
-35,-29,37
-36,-30,38
-41,-30,38
-44,-30,39
-46,-29,38
-48,-30,35
-43,-29,34
-43,-30,34
-46,-30,34
-47,-26,34
-46,-23,37
-45,-24,40
-43,-22,52
-47,-25,46
-44,-24,39
-43,-25,36
-44,-25,36
-41,-24,38
-47,-23,38
-43,-23,38
-49,-24,36
-49,-23,37
-52,-23,33
-51,-22,36
-50,-21,36
-44,-24,36
-45,-25,38
-47,-23,38
-46,-23,37
-44,-23,37
-44,-24,35
-47,-24,34
-49,-25,33
-49,-23,30
-51,-23,30
-53,-23,30
-53,-22,32
-50,-21,36
-49,-21,37
-50,-24,32
-48,-25,29
-47,-24,29
-51,-24,29
-51,-22,31
-50,-22,32
-50,-22,34
-50,-23,32
-49,-22,34
-49,-21,35
-50,-21,35
-48,-22,32
-51,-22,30
-52,-25,30
-55,-21,27
-57,-21,25
-51,-22,28
-50,-23,32
-47,-23,36
-45,-21,38
-47,-20,35
-49,-21,36
-48,-21,37
-49,-23,35
-51,-24,35
-45,-18,38
-51,-21,37
-53,-21,34
-53,-21,31
-50,-21,29
-52,-21,29
-49,-21,32
-50,-21,31
-53,-21,29
-56,-21,25
-56,-20,25
-55,-22,23
-55,-22,24
-54,-21,26
-55,-21,25
-55,-21,26
-55,-21,27
-54,-21,27
-54,-21,27
-54,-21,27
-54,-21,27
-54,-21,28
-54,-21,27
-55,-21,27
-55,-21,27
-53,-21,27
-53,-22,27
-53,-22,27
-53,-22,27
-52,-22,28
-52,-21,28
-53,-21,28
-54,-21,28
-56,-20,28
-55,-19,28
-55,-20,28
-55,-21,29
-54,-21,28
-54,-18,28
-55,-21,26
-53,-21,26
-52,-21,27
-51,-22,28
-52,-22,29
-52,-21,30
-52,-21,32
-53,-21,31
-52,-21,32
-54,-21,30
-53,-21,31
-52,-21,31
-56,-24,21
-52,-24,27
-57,-23,20
-53,-26,25
-46,-25,31
-47,-22,39
-45,-20,44
-40,-19,55
-43,-19,45
-46,-20,39
-36,-25,41
-44,-20,36
-47,-19,35
-55,-27,32
-49,-21,29
-58,-25,22
-50,-26,32
-45,-22,25
-49,-25,25
-45,-24,41
-54,-23,29
-49,-22,34
-48,-23,34
-51,-27,35
-46,-23,35
-50,-25,39
-34,-25,32
-47,-30,21
-58,-22,31
-48,-27,38
-42,-21,42
-48,-24,40
-48,-23,41
-49,-23,34
-49,-23,37
-41,-25,36
-43,-25,34
-48,-23,33
-51,-24,30
-58,-22,15
-61,-22,11
-70,-22,8
-55,-22,23
-61,-20,18
-61,-13,12
-55,-28,9
-56,-26,-4
-41,-34,11
-22,-39,29
-60,-23,27
-56,-18,40
-56,-20,36
-57,-18,33
-44,-23,41
-41,-24,39
-37,-22,42
-37,-23,47
-39,-20,43
-42,-26,45
-38,-23,41
-37,-22,43
-41,-27,39
-39,-26,41
-38,-28,32
-38,-25,46
-34,-24,51
-27,-21,57
-34,-23,49
-36,-24,45
-35,-25,41
-36,-25,48
-35,-22,49
-36,-23,46
-41,-23,39
-45,-24,37
-42,-24,41
-38,-23,44
-38,-22,45
-40,-22,44
-41,-22,44
-40,-22,44
-38,-21,47
-37,-21,48
-39,-22,47
-47,-22,37
-51,-25,29
-35,-27,32
-53,-24,37
-46,-23,41
-43,-19,44
-44,-20,44
-44,-21,43
-43,-22,40
-43,-22,39
-45,-22,39
-46,-21,40
-46,-21,40
-41,-21,43
-39,-22,47
-45,-21,39
-62,-23,20
-58,-23,23
-42,-25,34
-49,-23,32
-48,-24,34
-53,-23,31
-53,-22,30
-54,-23,29
-52,-23,29
-51,-22,29
-53,-23,29
-53,-22,28
-51,-22,30
-47,-22,35
-52,-21,35
-50,-20,36
-48,-22,36
-48,-21,35
-50,-22,34
-43,-22,39
-46,-22,38
-47,-22,37
-48,-21,37
-48,-22,37
-45,-22,39
-47,-21,36
-48,-21,37
-48,-21,37
-47,-22,36
-48,-22,36
-47,-22,36
-47,-22,37
-49,-22,38
-51,-21,33
-52,-22,31
-46,-23,36
-44,-23,40
-40,-24,42
-39,-23,42
-40,-25,35
-43,-25,41
-44,-24,41
-43,-21,40
-46,-20,40
-50,-21,38
-49,-21,38
-49,-21,38
-47,-21,37
-46,-22,36
-47,-23,36
-47,-22,35
-47,-22,37
-47,-21,37
-48,-21,36
-47,-21,37
-48,-21,37
-48,-21,36
-48,-21,36
-48,-22,36
-47,-22,36
-48,-22,36
-46,-22,37
-47,-22,37
-46,-22,37
-41,-23,37
-48,-22,38
-53,-19,37
-48,-19,38
-48,-22,35
-49,-21,34
-48,-22,34
-48,-23,34
-48,-21,35
-46,-23,37
-47,-23,35
-47,-22,36
-50,-20,36
-48,-21,38
-47,-20,38
-49,-21,36
-48,-22,36
-47,-21,37
-48,-21,37
-48,-21,36
-47,-21,36
-47,-21,36
-48,-21,36
-49,-21,36
-49,-21,36
-48,-21,37
-48,-21,37
-46,-22,37
-46,-21,37
-45,-22,37
-46,-22,37
-48,-21,37
-47,-21,38
-47,-21,37
-46,-22,38
-46,-22,38
-46,-22,38
-48,-21,37
-48,-21,37
-48,-21,38
-47,-21,37
-46,-21,38
-46,-21,39
-45,-22,39
-45,-22,38
-44,-23,38
-44,-22,38
-45,-22,39
-46,-22,37
-46,-21,38
-46,-22,39
-47,-21,38
-46,-21,39
-46,-21,39
-46,-21,40
-44,-22,38
-46,-23,37
-45,-22,38
-45,-22,38
-47,-23,37
-46,-22,37
-49,-22,39
-39,-22,42
-38,-23,44
-39,-22,44
-40,-23,43
-43,-22,42
-46,-22,38
-45,-22,38
-46,-21,39
-46,-22,39
-43,-23,36
-44,-23,36
-46,-20,40
-44,-21,44
-44,-21,41
-45,-21,39
-50,-20,35
-47,-21,37
-48,-21,38
-47,-21,38
-49,-21,37
-49,-20,38
-48,-20,38
-47,-21,39
-41,-22,41
-42,-22,40
-45,-23,38
-47,-22,37
-46,-22,38
-41,-22,40
-42,-23,41
-49,-21,37
-43,-21,41
-44,-22,43
-45,-21,41
-44,-22,40
-44,-22,40
-42,-23,41
-40,-22,42
-39,-23,43
-40,-23,44
-41,-22,43
-42,-23,42
-45,-22,40
-46,-23,38
-45,-23,38
-48,-24,37
-46,-23,38
-42,-23,40
-43,-23,40
-40,-23,41
-38,-25,39
-38,-24,41
-46,-22,38
-47,-21,38
-47,-21,39
-48,-21,39
-47,-21,38
-47,-22,37
-47,-22,37
-47,-22,37
-46,-22,38
-45,-22,39
-45,-22,38
-46,-22,38
-48,-21,38
-48,-21,37
-47,-22,38
-46,-22,38
-45,-22,39
-45,-23,40
-43,-22,39
-43,-23,39
-42,-24,40
-42,-24,40
-44,-24,39
-43,-23,40
-45,-23,39
-44,-23,39
-43,-23,40
-43,-24,40
-44,-23,39
-44,-23,39
-45,-22,39
-43,-23,40
-42,-23,40
-43,-23,39
-47,-23,38
-48,-21,37
-48,-21,37
-46,-22,39
-46,-22,39
-48,-22,38
-46,-22,38
-44,-23,38
-44,-24,38
-43,-24,39
-45,-23,39
-45,-23,39
-43,-23,41
-43,-23,41
-42,-24,41
-41,-24,42
-41,-24,41
-41,-24,40
-42,-25,40
-42,-24,40
-41,-24,41
-42,-24,40
-45,-24,38
-45,-23,40
-44,-23,41
-44,-23,41
-45,-23,38
-44,-23,39
-43,-23,40
-42,-23,41
-42,-23,41
-44,-24,40
-44,-23,39
-44,-23,40
-45,-23,40
-44,-23,39
-45,-23,39
-44,-23,40
-44,-23,40
-44,-24,40
-43,-24,39
-42,-25,40
-42,-24,41
-41,-24,41
-40,-24,42
-39,-23,44
-39,-25,44
-42,-25,40
-41,-25,39
-41,-24,40
-40,-25,40
-45,-22,41
-40,-22,44
-46,-23,39
-44,-23,38
-43,-23,39
-47,-23,39
-43,-22,40
-44,-22,40
-44,-23,40
-43,-23,40
-44,-23,40
-46,-22,40
-45,-23,38
-46,-24,36
-48,-23,34
-45,-23,37
-46,-23,38
-46,-23,38
-45,-23,38
-46,-24,38
-43,-23,39
-41,-23,39
-46,-24,40
-44,-24,41
-43,-24,41
-44,-24,37
-46,-24,36
-48,-26,32
-41,-26,37
-44,-25,37
-44,-25,38
-46,-24,37
-47,-23,37
-46,-24,36
-46,-25,36
-49,-23,33
-48,-24,35
-46,-24,36
-44,-24,37
-46,-23,37
-49,-22,37
-50,-22,38
-41,-22,41
-42,-24,42
-44,-24,37
-43,-25,34
-44,-25,35
-44,-25,39
-45,-23,40
-45,-24,40
-45,-23,39
-45,-24,38
-45,-25,37
-45,-24,38
-45,-24,38
-44,-25,39
-44,-24,39
-44,-25,39
-46,-24,38
-41,-24,38
-42,-25,39
-42,-24,40
-42,-25,40
-44,-25,39
-43,-24,40
-42,-24,40
-44,-24,41
-43,-24,40
-43,-24,40
-44,-24,39
-43,-24,39
-43,-24,39
-43,-24,37
-45,-23,38
-44,-23,41
-43,-22,42
-42,-23,42
-43,-24,40
-44,-24,38
-44,-24,38
-44,-24,39
-44,-23,40
-44,-23,40
-42,-24,41
-43,-23,41
-42,-24,41
-41,-24,40
-44,-25,35
-47,-25,33
-48,-24,35
-46,-22,39
-44,-22,43
-45,-23,39
-44,-23,38
-45,-24,38
-43,-24,40
-43,-24,40
-43,-24,39
-43,-24,39
-43,-24,39
-46,-23,39
-46,-23,39
-46,-23,38
-45,-24,37
-47,-24,35
-46,-23,36
-44,-23,41
-43,-23,41
-47,-23,40
-44,-23,39
-44,-23,38
-44,-24,38
-44,-24,36
-46,-24,35
-47,-24,35
-45,-23,40
-44,-23,42
-43,-23,43
-43,-23,41
-43,-25,40
-43,-25,36
-44,-25,36
-45,-24,39
-44,-23,41
-44,-24,40
-46,-25,37
-44,-24,37
-43,-24,38
-43,-23,45
-44,-23,41
-44,-24,38
-44,-25,36
-43,-26,35
-46,-24,41
-47,-23,37
-45,-23,36
-41,-25,39
-42,-25,35
-45,-25,35
-44,-25,33
-47,-26,36
-49,-24,35
-48,-24,40
-48,-23,43
-51,-22,36
-50,-24,31
-47,-26,33
-47,-25,33
-41,-21,40
-48,-27,36
-46,-23,39
-45,-22,41
-48,-24,39
-43,-23,38
-45,-24,36
-46,-25,36
-43,-24,37
-44,-24,37
-44,-23,41
-42,-23,44
-43,-23,44
-44,-24,41
-43,-24,40
-41,-25,41
-42,-25,39
-45,-25,37
-43,-25,37
-43,-25,39
-42,-24,41
-42,-25,42
-39,-25,43
-39,-24,43
-40,-25,42
-39,-25,42
-39,-24,43
-41,-25,40
-45,-26,34
-44,-25,35
-44,-24,38
-40,-23,44
-41,-21,45
-43,-22,43
-41,-22,46
-40,-21,46
-42,-21,44
-40,-22,47
-41,-22,45
-42,-23,43
-43,-23,41
-42,-24,38
-42,-24,39
-42,-25,40
-41,-24,40
-42,-24,41
-42,-24,42
-40,-24,42
-41,-25,42
-40,-25,42
-42,-24,41
-41,-25,41
-42,-24,41
-41,-24,43
-41,-24,43
-41,-24,42
-42,-24,41
-41,-24,41
-38,-24,44
-44,-24,42
-47,-25,39
-40,-25,41
-41,-25,40
-40,-25,41
-40,-24,41
-40,-24,43
-42,-24,42
-42,-25,41
-42,-25,40
-41,-25,41
-40,-25,41
-39,-25,42
-41,-25,42
-41,-24,42
-40,-24,42
-41,-25,43
-40,-25,43
-40,-24,42
-39,-25,43
-40,-25,43
-39,-24,42
-40,-25,42
-40,-25,43
-40,-25,43
-40,-25,43
-40,-25,43
-39,-25,43
-39,-25,42
-40,-25,42
-39,-25,42
-40,-25,42
-40,-25,42
-40,-25,42
-40,-25,42
-40,-25,43
-39,-25,43
-39,-25,42
-41,-25,42
-40,-24,42
-40,-25,42
-40,-25,43
-40,-25,43
-40,-25,43
-39,-25,42
-40,-25,42
-39,-25,42
-40,-25,42
-40,-25,42
-40,-24,43
-39,-24,43
-40,-24,42
-39,-24,42
-40,-24,43
-40,-24,43
-40,-24,43
-40,-24,43
-39,-24,42
-40,-25,42
-40,-25,42
-40,-24,43
-39,-24,43
-39,-24,43
-40,-25,43
-39,-25,42
-39,-25,42
-39,-25,42
-41,-25,42
-40,-25,43
-40,-25,42
-40,-25,42
-39,-25,42
-40,-25,43
-40,-25,43
-40,-25,42
-40,-25,42
-40,-25,42
-40,-25,42
-40,-25,42
-40,-25,42
-40,-25,42
-39,-26,42
-40,-25,41
-41,-24,43
-41,-25,42
-41,-24,42
-41,-25,41
-41,-25,42
-41,-25,41
-41,-25,42
-40,-25,42
-41,-25,41
-40,-24,42
-41,-24,42
-41,-25,41
-41,-24,42
-40,-25,43
-39,-24,44
-40,-25,42
-38,-25,40
-39,-24,44
-42,-23,43
-37,-26,44
-40,-23,35
-42,-28,37
-42,-22,40
-52,-20,40
-51,-20,42
-49,-20,41
-48,-22,37
-48,-22,35
-45,-24,35
-43,-24,36
-39,-24,35
-58,-22,34
-58,-24,31
-51,-22,32
-47,-23,37
-46,-23,37
-43,-25,38
-42,-25,37
-42,-26,37
-45,-23,36
-47,-23,38
-47,-23,38
-45,-22,41
-45,-22,41
-44,-23,40
-45,-24,38
-45,-23,38
-43,-23,39
-42,-24,41
-42,-23,41
-43,-23,40
-45,-23,40
-45,-23,39
-44,-23,39
-43,-23,39
-44,-22,40
-44,-22,41
-45,-22,42
-44,-22,41
-43,-22,41
-44,-22,41
-44,-22,40
-43,-23,39
-43,-23,40
-43,-22,40
-43,-22,41
-43,-22,41
-43,-22,41
-44,-23,41
-44,-22,40
-44,-22,40
-44,-22,40
-44,-23,40
-44,-22,41
-44,-22,41
-44,-22,41
-44,-22,41
-44,-22,40
-43,-22,40
-43,-22,41
-43,-22,41
-43,-22,41
-43,-22,41
-44,-22,40
-43,-22,40
-43,-23,41
-42,-22,41
-43,-23,41
-43,-22,41
-44,-22,41
-45,-22,41
-44,-22,40
-44,-22,41
-43,-22,41
-42,-23,41
-43,-23,41
-43,-22,41
-44,-22,41
-43,-22,41
-43,-23,41
-43,-22,41
-44,-22,41
-44,-22,41
-43,-23,41
-43,-23,40
-42,-23,41
-42,-22,41
-43,-22,42
-43,-22,41
-43,-22,41
-44,-22,41
-43,-23,40
-44,-22,40
-44,-22,40
-42,-23,40
-43,-22,41
-43,-22,41
-44,-22,41
-44,-22,41
-44,-22,41
-42,-23,41
-42,-23,40
-42,-23,40
-43,-22,41
-44,-22,40
-46,-23,34
-42,-22,44
-40,-21,45
-40,-18,54
-42,-20,43
-46,-21,35
-52,-23,28
-53,-22,25
-50,-22,25
-50,-20,28
-48,-22,26
-52,-22,20
-51,-21,16
-57,-21,5
-64,-19,-6
-66,-22,-17
-67,-22,-22
-59,-23,-24
-60,-22,-24
-60,-23,-24
-55,-23,-20
-56,-24,-20
-56,-24,-24
-55,-23,-22
-55,-23,-24
-56,-23,-26
-57,-23,-25
-57,-23,-24
-55,-23,-25
-57,-22,-22
-58,-23,-23
-56,-23,-22
-56,-22,-24
-58,-22,-22
-58,-22,-21
-56,-24,-24
-55,-23,-23
-55,-24,-23
-55,-23,-24
-55,-23,-23
-55,-23,-25
-54,-23,-26
-58,-22,-25
-57,-22,-24
-57,-23,-25
-56,-23,-25
-58,-22,-22
-58,-22,-23
-50,-23,-26
-52,-23,-29
-53,-23,-29
-58,-21,-27
-58,-20,-26
-56,-21,-27
-56,-22,-29
-54,-22,-28
-56,-21,-29
-54,-21,-30
-56,-21,-30
-56,-21,-28
-53,-21,-28
-53,-21,-28
-53,-22,-28
-56,-21,-27
-54,-21,-26
-59,-21,-28
-56,-20,-28
-52,-21,-27
-53,-22,-30
-52,-21,-31
-54,-21,-34
-51,-21,-33
-54,-22,-34
-52,-21,-31
-49,-22,-31
-50,-21,-31
-52,-21,-31
-50,-22,-31
-50,-21,-31
-55,-21,-32
-54,-20,-31
-52,-20,-34
-54,-20,-34
-52,-20,-32
-51,-21,-33
-54,-21,-34
-52,-20,-32
-52,-20,-31
-54,-20,-31
-54,-20,-30
-53,-20,-32
-50,-20,-30
-50,-20,-30
-59,-16,-30
-63,-14,-29
-61,-16,-31
-55,-18,-30
-55,-18,-31
-55,-19,-31
-50,-21,-32
-50,-21,-31
-53,-21,-30
-54,-21,-29
-54,-21,-29
-55,-21,-29
-54,-21,-28
-54,-21,-29
-51,-23,-31
-50,-23,-30
-50,-22,-30
-54,-22,-32
-54,-21,-31
-53,-21,-33
-52,-21,-31
-54,-22,-31
-52,-22,-31
-52,-22,-32
-52,-22,-31
-51,-23,-32
-50,-23,-33
-52,-22,-33
-52,-23,-32
-52,-22,-32
-54,-22,-31
-53,-22,-31
-52,-22,-31
-52,-22,-31
-52,-23,-33
-52,-23,-33
-50,-23,-31
-52,-23,-32
-52,-22,-32
-54,-22,-32
-53,-22,-32
-52,-23,-31
-51,-24,-31
-48,-24,-31
-52,-23,-34
-51,-23,-32
-51,-23,-33
-52,-22,-32
-54,-22,-31
-53,-22,-30
-53,-22,-30
-49,-24,-32
-49,-22,-33
-53,-22,-32
-52,-23,-31
-51,-23,-31
-52,-23,-32
-51,-22,-32
-52,-23,-32
-50,-23,-32
-51,-23,-32
-52,-23,-32
-51,-23,-32
-51,-23,-32
-52,-23,-31
-51,-23,-32
-51,-23,-32
-53,-22,-32
-52,-22,-32
-52,-23,-32
-52,-23,-32
-51,-23,-32
-52,-22,-33
-51,-22,-32
-52,-23,-33
-52,-22,-32
-52,-23,-32
-53,-22,-32
-53,-22,-32
-53,-22,-31
-53,-22,-32
-51,-22,-32
-52,-22,-31
-51,-24,-31
-51,-23,-32
-51,-22,-33
-52,-23,-34
-53,-22,-33
-53,-22,-32
-53,-22,-33
-52,-23,-33
-52,-23,-33
-48,-23,-30
-48,-23,-30
-54,-22,-31
-56,-21,-29
-55,-21,-29
-55,-22,-28
-53,-22,-30
-53,-23,-30
-52,-23,-31
-53,-23,-32
-53,-23,-31
-54,-22,-27
-54,-23,-29
-53,-23,-30
-53,-23,-30
-54,-22,-29
-54,-22,-28
-53,-23,-28
-53,-23,-28
-53,-23,-30
-53,-22,-30
-53,-23,-29
-54,-23,-30
-53,-23,-28
-52,-23,-26
-56,-22,-28
-54,-22,-28
-56,-22,-28
-53,-23,-28
-53,-23,-28
-53,-24,-28
-52,-23,-28
-54,-23,-28
-55,-22,-27
-55,-23,-27
-55,-23,-28
-54,-23,-27
-54,-23,-27
-54,-23,-28
-54,-23,-29
-53,-24,-30
-54,-24,-30
-56,-23,-31
-60,-24,-35
-71,-24,-37
-58,-24,-28
-51,-26,-9
-57,-23,1
-42,-20,23
-37,-23,36
-46,-27,26
-24,-25,42
-30,-25,47
-38,-25,47
-36,-22,51
-33,-21,53
-36,-20,48
-43,-22,44
-42,-23,42
-44,-22,39
-45,-22,39
-42,-23,42
-40,-21,43
-42,-23,42
-40,-22,45
-42,-21,45
-42,-21,46
-38,-22,45
-38,-22,46
-36,-23,43
-32,-23,44
-34,-23,47
-47,-23,40
-41,-22,47
-42,-21,48
-46,-23,35
-48,-25,33
-52,-27,30
-48,-28,29
-49,-28,28
-46,-27,30
-40,-28,28
-47,-29,23
-51,-27,17
-65,-25,17
-63,-24,19
-59,-26,14
-50,-26,15
-53,-26,15
-59,-24,15
-65,-21,4
-60,-23,6
-63,-22,3
-58,-22,5
-56,-24,7
-62,-22,5
-63,-22,4
-61,-22,5
-60,-22,1
-59,-21,3
-62,-21,4
-63,-21,2
-61,-22,1
-62,-22,-1
-59,-23,0
-59,-23,0
-60,-23,1
-59,-23,2
-59,-23,2
-59,-22,2
-64,-22,4
-63,-22,3
-59,-22,-2
-58,-21,1
-62,-24,1
-58,-21,3
-61,-21,2
-66,-22,1
-64,-21,2
-61,-21,0
-56,-24,0
-62,-25,0
-59,-24,-1
-57,-26,-2
-62,-23,-5
-63,-25,-1
-57,-24,-4
-54,-23,-4
-60,-24,-5
-64,-22,-2
-64,-22,-2
-62,-22,-4
-63,-24,-11
-57,-23,-15
-58,-18,-2
-60,-15,1
-80,-21,-21
-59,-16,5
-60,-14,3
-59,-23,2
-58,-23,3
-59,-22,2
-60,-19,4
-64,-21,0
-63,-19,0
-62,-22,-3
-61,-20,-3
-61,-20,-2
-62,-21,-1
-61,-21,0
-60,-20,1
-61,-21,1
-61,-21,1
-61,-20,0
-63,-21,0
-62,-20,0
-61,-20,1
-61,-22,0
-60,-21,0
-60,-21,0
-63,-21,1
-63,-19,3
-63,-19,6
-63,-20,5
-62,-19,3
-62,-21,2
-62,-22,2
-58,-21,3
-51,-23,4
-53,-23,4
-61,-22,-5
-62,-21,-13
-60,-22,-17
-55,-24,-21
-58,-24,-22
-57,-22,-22
-55,-22,-22
-53,-23,-22
-53,-24,-26
-52,-22,-26
-56,-22,-30
-54,-21,-35
-50,-21,-37
-51,-22,-38
-56,-19,-39
-60,-18,-35
-59,-19,-32
-52,-22,-36
-48,-22,-37
-46,-22,-37
-45,-25,-36
-44,-25,-34
-42,-25,-31
-49,-26,-34
-49,-25,-35
-47,-24,-38
-51,-23,-39
-50,-23,-37
-49,-22,-35
-52,-22,-34
-54,-21,-33
-49,-24,-35
-46,-23,-36
-50,-23,-37
-49,-22,-35
-49,-23,-35
-49,-23,-35
-49,-23,-34
-50,-22,-34
-53,-23,-36
-51,-22,-34
-49,-23,-34
-49,-22,-35
-52,-23,-35
-50,-23,-35
-48,-23,-35
-47,-24,-35
-50,-22,-35
-50,-22,-35
-48,-23,-36
-49,-23,-37
-51,-20,-34
-51,-22,-33
-48,-23,-34
-47,-22,-35
-50,-22,-36
-53,-20,-36
-55,-20,-32
-55,-19,-30
-53,-20,-30
-50,-19,-31
-53,-19,-35
-54,-19,-35
-53,-19,-34
-52,-19,-35
-52,-20,-35
-53,-20,-35
-50,-20,-36
-49,-20,-36
-50,-20,-36
-50,-21,-36
-50,-21,-36
-49,-21,-37
-48,-21,-36
-49,-21,-40
-49,-21,-39
-48,-20,-37
-50,-21,-37
-50,-20,-36
-53,-20,-36
-54,-20,-35
-52,-21,-35
-49,-21,-34
-49,-21,-34
-46,-22,-36
-49,-21,-36
-49,-21,-36
-50,-21,-36
-50,-21,-38
-49,-21,-39
-48,-21,-37
-50,-20,-36
-53,-20,-33
-54,-20,-32
-54,-20,-34
-50,-21,-36
-52,-19,-35
-53,-21,-35
-49,-20,-34
-49,-20,-35
-50,-20,-35
-51,-21,-35
-51,-21,-35
-51,-20,-35
-52,-20,-38
-51,-21,-39
-51,-21,-39
-49,-20,-38
-48,-21,-32
-41,-21,-26
-54,-22,-39
-51,-21,-40
-50,-20,-37
-52,-21,-38
-52,-21,-35
-53,-20,-33
-56,-20,-34
-53,-22,-34
-55,-21,-36
-56,-22,-37
-44,-21,-22
-50,-19,-10
-66,-18,-14
-66,-19,-19
-59,-19,-24
-57,-20,-28
-58,-24,-27
-52,-21,-25
-59,-23,-23
-68,-20,-17
-60,-22,-17
-44,-24,-4
-55,-21,-2
-63,-20,-7
-65,-21,-9
-63,-21,-8
-61,-21,-7
-58,-19,-6
-60,-25,-19
-53,-24,-23
-51,-25,-26
-60,-22,-19
-58,-24,-16
-57,-24,-19
-56,-23,-19
-60,-22,-20
-61,-23,-23
-55,-22,-21
-56,-22,-18
-60,-22,-19
-58,-22,-18
-58,-22,-19
-60,-23,-25
-62,-22,-25
-56,-20,-18
-50,-23,-18
-56,-24,-26
-58,-22,-28
-56,-23,-28
-51,-24,-26
-55,-23,-25
-57,-23,-24
-62,-20,-19
-66,-23,-23
-58,-26,-22
-51,-24,-25
-48,-28,-30
-46,-27,-28
-48,-22,-22
-56,-14,-23
-49,-37,-33
-46,-24,-29
-52,-23,-28
-51,-26,-29
-42,-28,-31
-50,-25,-31
-63,-21,-27
-65,-22,-17
-65,-17,-14
-54,-24,-10
-52,-22,-8
-57,-22,-14
-59,-23,-24
-58,-22,-25
-61,-26,-30
-58,-29,-29
-55,-19,-19
-60,-23,-13
-48,-22,-4
-56,-24,-8
-60,-22,-11
-60,-23,-12
-59,-23,-14
-55,-24,-16
-53,-25,-19
-54,-24,-17
-58,-22,-14
-61,-21,-16
-61,-13,-20
-64,-27,-25
-61,-24,-22
-61,-19,-15
-59,-20,-13
-59,-20,-14
-57,-21,-14
-58,-21,-13
-55,-21,-12
-57,-20,-15
-60,-20,-18
-61,-20,-22
-59,-20,-25
-59,-21,-25
-60,-20,-23
-61,-20,-20
-60,-20,-19
-56,-20,-18
-60,-20,-20
-61,-22,-19
-57,-20,-19
-58,-20,-17
-59,-19,-16
-59,-21,-19
-58,-21,-19
-58,-21,-20
-60,-20,-19
-59,-19,-17
-63,-19,-16
-58,-20,-17
-56,-21,-18
-57,-20,-19
-60,-21,-20
-58,-21,-18
-59,-20,-16
-60,-20,-18
-58,-21,-18
-59,-20,-18
-60,-21,-18
-60,-20,-20
-59,-21,-18
-61,-20,-17
-58,-22,-16
-59,-21,-16
-54,-23,-18
-53,-24,-20
-57,-23,-22
-57,-22,-23
-58,-23,-22
-57,-22,-20
-58,-21,-18
-60,-21,-17
-60,-20,-17
-61,-20,-18
-61,-20,-16
-61,-20,-15
-61,-21,-17
-60,-22,-16
-58,-22,-15
-53,-23,-15
-59,-23,-18
-60,-22,-18
-60,-21,-17
-61,-21,-16
-60,-20,-14
-70,-22,-12
-65,-21,-10
-63,-20,-12
-68,-22,-8
-62,-22,-6
-63,-23,-6
-47,-20,16
-34,-22,43
-25,-18,52
-39,-25,44
-31,-24,51
-27,-29,38
-52,-25,34
-58,-25,30
-55,-20,30
-56,-21,30
-51,-23,32
-46,-25,34
-44,-24,35
-42,-23,41
-43,-22,41
-46,-22,39
-51,-21,34
-52,-23,32
-53,-23,29
-47,-24,33
-46,-23,34
-48,-21,37
-46,-21,40
-48,-20,38
-39,-18,50
-54,-23,30
-43,-22,35
-49,-24,34
-49,-22,31
-48,-23,32
-48,-23,34
-48,-24,34
-48,-23,35
-50,-23,34
-49,-23,34
-49,-23,34
-49,-24,34
-50,-24,33
-50,-21,34
-50,-23,35
-47,-25,35
-45,-26,33
-45,-24,33
-45,-24,34
-48,-25,33
-49,-21,35
-49,-20,36
-50,-21,37
-51,-21,37
-53,-22,35
-48,-21,34
-47,-23,34
-45,-26,32
-47,-25,32
-48,-24,32
-50,-21,34
-50,-21,35
-50,-22,36
-49,-22,35
-48,-21,35
-48,-22,35
-47,-23,34
-48,-23,34
-48,-22,36
-48,-20,36
-48,-22,37
-50,-20,37
-50,-22,33
-49,-22,33
-47,-23,34
-47,-23,35
-48,-22,35
-49,-22,35
-49,-22,36
-50,-22,35
-48,-22,35
-48,-23,35
-47,-22,36
-47,-22,36
-48,-23,36
-49,-22,34
-50,-22,33
-50,-23,33
-48,-22,34
-48,-23,34
-48,-23,33
-50,-23,30
-50,-22,33
-51,-22,32
-53,-21,31
-55,-21,30
-54,-21,30
-53,-21,29
-53,-22,28
-53,-22,28
-52,-22,29
-52,-22,29
-53,-21,28
-54,-22,27
-54,-22,28
-55,-21,28
-55,-21,27
-54,-21,28
-54,-22,26
-54,-22,26
-53,-22,27
-52,-22,28
-52,-22,29
-55,-21,28
-53,-21,28
-53,-21,28
-54,-21,27
-54,-22,29
-54,-21,28
-55,-21,28
-55,-22,27
-54,-21,28
-54,-22,27
-54,-22,27
-53,-22,27
-54,-22,27
-54,-22,27
-54,-22,26
-53,-22,26
-54,-22,26
-55,-21,27
-52,-22,30
-53,-21,30
-52,-22,29
-52,-22,29
-52,-22,29
-52,-22,29
-53,-22,30
-52,-22,30
-52,-22,30
-52,-22,30
-52,-22,30
-53,-21,30
-54,-21,30
-52,-21,30
-51,-22,30
-51,-22,30
-52,-22,30
-52,-22,30
-53,-21,30
-53,-21,29
-53,-21,29
-53,-22,29
-53,-22,27
-53,-22,28
-53,-22,29
-52,-22,30
-52,-22,31
-52,-22,31
-52,-22,30
-51,-22,31
-51,-22,30
-51,-22,30
-50,-22,32
-51,-22,31
-51,-21,32
-52,-22,31
-50,-22,31
-51,-22,31
-51,-22,31
-52,-22,30
-52,-22,30
-54,-21,29
-54,-22,29
-54,-22,28
-53,-21,28
-52,-22,29
-53,-22,28
-54,-22,27
-54,-22,27
-53,-22,27
-53,-22,28
-53,-22,28
-53,-22,27
-52,-22,28
-52,-23,29
-52,-22,30
-52,-22,30
-52,-22,31
-51,-22,31
-50,-22,31
-51,-22,32
-51,-22,32
-50,-22,32
-52,-22,31
-52,-22,30
-53,-21,29
-54,-22,26
-54,-22,25
-54,-22,27
-53,-22,28
-55,-22,26
-54,-22,27
-52,-23,29
-51,-22,29
-53,-22,28
-53,-23,26
-53,-24,26
-54,-23,25
-52,-23,27
-53,-23,27
-53,-22,28
-55,-22,25
-54,-22,26
-49,-23,29
-52,-23,28
-49,-21,33
-57,-22,24
-59,-22,22
-54,-23,23
-58,-23,21
-59,-23,19
-57,-24,20
-55,-24,19
-56,-24,18
-57,-24,19
-56,-23,21
-56,-23,21
-56,-23,21
-55,-24,22
-54,-23,24
-56,-22,23
-56,-23,22
-53,-23,24
-55,-23,24
-56,-22,27
-55,-22,24
-56,-23,20
-55,-24,21
-55,-23,21
-55,-23,22
-55,-23,22
-55,-23,23
-55,-23,23
-56,-23,22
-56,-23,22
-55,-23,22
-55,-24,22
-55,-24,22
-56,-23,22
-54,-23,25
-55,-23,23
-56,-23,22
-55,-23,23
-56,-22,22
-55,-23,24
-56,-23,22
-54,-23,20
-56,-26,18
-58,-24,14
-58,-25,11
-59,-24,13
-56,-25,14
-58,-24,14
-59,-25,13
-59,-24,14
-58,-24,14
-57,-24,15
-61,-23,14
-58,-24,14
-56,-24,14
-57,-25,12
-57,-25,10
-59,-24,14
-59,-23,15
-62,-23,12
-57,-24,13
-57,-25,11
-58,-24,12
-57,-23,16
-60,-23,15
-58,-22,16
-59,-22,15
-58,-23,10
-60,-23,9
-58,-23,9
-58,-23,8
-59,-21,11
-61,-23,10
-60,-21,11
-58,-23,10
-59,-22,10
-60,-22,10
-63,-21,10
-62,-20,11
-59,-22,11
-58,-22,12
-57,-23,12
-59,-23,12
-58,-23,11
-59,-23,11
-59,-22,12
-58,-23,11
-59,-22,10
-60,-21,12
-61,-21,11
-59,-23,9
-61,-22,10
-60,-22,11
-60,-21,11
-61,-21,11
-61,-23,11
-55,-22,13
-56,-23,13
-57,-22,14
-61,-22,12
-62,-21,13
-60,-22,13
-60,-22,12
-59,-23,12
-58,-23,11
-59,-22,12
-60,-22,13
-58,-22,12
-59,-22,12
-59,-22,11
-59,-22,10
-60,-22,10
-59,-23,12
-58,-22,13
-59,-22,12
-59,-22,13
-58,-22,13
-58,-22,14
-60,-22,12
-59,-22,14
-58,-22,14
-58,-23,12
-58,-24,11
-59,-22,12
-61,-22,11
-60,-21,10
-61,-22,11
-58,-21,14
-58,-22,14
-58,-22,13
-60,-21,13
-61,-20,14
-60,-20,16
-59,-20,16
-58,-23,13
-59,-22,13
-59,-22,14
-59,-22,14
-58,-21,14
-59,-21,14
-60,-21,14
-60,-21,16
-58,-21,17
-58,-21,19
-57,-21,20
-56,-21,20
-56,-22,20
-55,-22,22
-56,-22,20
-58,-21,19
-58,-21,19
-58,-21,19
-56,-22,20
-56,-21,20
-59,-21,20
-56,-21,19
-58,-22,18
-59,-21,18
-56,-22,19
-57,-22,18
-57,-22,19
-56,-22,19
-58,-22,19
-58,-21,20
-58,-22,19
-57,-22,20
-56,-22,20
-57,-22,19
-56,-23,19
-57,-23,19
-57,-23,19
-55,-23,20
-56,-23,21
-57,-22,20
-58,-22,19
-58,-21,19
-56,-24,18
-57,-23,19
-57,-23,19
-56,-23,17
-59,-22,19
-55,-22,21
-58,-23,23
-58,-21,22
-59,-21,21
-59,-22,19
-55,-23,20
-55,-23,20
-55,-23,21
-55,-23,21
-55,-23,22
-55,-23,23
-54,-23,24
-57,-21,23
-59,-22,19
-54,-22,20
-55,-24,21
-62,-20,21
-60,-20,21
-57,-23,19
-57,-23,19
-55,-24,20
-54,-23,22
-54,-24,22
-54,-24,19
-57,-23,17
-59,-22,17
-61,-21,17
-61,-21,18
-60,-22,18
-56,-22,18
-56,-23,16
-57,-24,15
-56,-23,17
-57,-23,18
-58,-23,18
-61,-21,19
-62,-21,19
-78,-20,28
-53,-32,-9
-47,-29,-31
-42,-34,-24
-52,-22,22
-42,-22,20
-50,-29,-6
-70,-17,-21
-73,-23,-18
-69,-19,-4
-74,-17,-5
-74,-17,-9
-67,-17,-8
-63,-19,-7
-60,-20,-11
-57,-23,-16
-56,-21,-16
-58,-19,-22
-56,-25,-23
-57,-23,-12
-57,-26,-39
-30,-32,-52
-20,-35,-40
-60,-22,-32
-67,-22,-25
-71,-12,-11
-62,-19,-4
-60,-19,-7
-57,-22,-14
-58,-22,-17
-57,-21,-20
-66,-19,-20
-64,-19,-20
-54,-17,-7
-83,-5,-62
-51,-47,-22
-57,-12,-16
-51,-24,-7
-52,-20,-3
-64,-16,-6
-64,-20,-18
-60,-19,-21
-60,-21,-22
-60,-19,-16
-59,-19,-13
-59,-20,-12
-59,-20,-13
-59,-20,-14
-61,-19,-15
-60,-20,-16
-62,-20,-17
-62,-18,-17
-60,-19,-18
-60,-23,-22
-58,-18,-21
-58,-20,-22
-53,-22,-15
-63,-12,-1
-70,-13,1
-67,-20,-13
-53,-20,-15
-53,-24,-16
-56,-24,-17
-58,-26,-18
-56,-23,-15
-56,-25,-20
-56,-25,-23
-54,-26,-27
-53,-26,-32
-54,-27,-34
-49,-26,-33
-48,-27,-30
-50,-27,-29
-54,-25,-28
-54,-26,-27
-52,-22,-27
-55,-30,-29
-54,-24,-26
-54,-28,-25
-50,-27,-23
-51,-27,-23
-55,-27,-27
-53,-27,-28
-53,-27,-29
-53,-26,-32
-52,-27,-32
-50,-30,-28
-52,-28,-19
-50,-29,-15
-48,-30,-18
-46,-38,-23
-39,-31,-24
-41,-32,-30
-42,-33,-38
-42,-34,-40
-43,-30,-37
-46,-30,-37
-42,-34,-37
-36,-33,-37
-40,-30,-42
-40,-33,-45
-37,-29,-41
-39,-29,-45
-34,-29,-41
-30,-26,-41
-25,-25,-42
-45,-17,-38
-55,-23,-57
-53,-26,-62
-52,-16,-57
-45,-14,-50
-41,-14,-45
-46,-20,-40
-39,-22,-37
-42,-21,-37
-43,-22,-40
-44,-22,-42
-42,-22,-42
-47,-20,-44
-44,-21,-46
-47,-19,-46
-51,-21,-48
-48,-23,-52
-47,-25,-40
-35,-25,-28
-17,-32,-26
-7,-36,-55
-116,49,-17
-128,65,2
-11,-39,-23
-31,-31,-53
-48,-27,-49
-52,-15,-35
-54,-12,-29
-53,-16,-30
-50,-19,-38
-47,-21,-39
-51,-19,-39
-56,-16,-34
-58,-14,-34
-48,-16,-43
-42,-22,-46
-45,-23,-42
-52,-18,-36
-53,-19,-34
-53,-18,-34
-54,-18,-34
-53,-19,-34
-50,-19,-34
-52,-19,-35
-50,-19,-38
-53,-17,-35
-45,-18,-25
-50,-21,-30
-57,-18,-35
-53,-15,-35
-56,-14,-38
-52,-18,-38
-53,-16,-37
-53,-15,-36
-50,-17,-36
-50,-19,-37
-47,-18,-36
-46,-20,-38
-48,-19,-37
-54,-18,-39
-51,-18,-39
-48,-19,-40
-49,-17,-39
-49,-19,-39
-45,-20,-41
-47,-19,-40
-52,-19,-41
-55,-16,-36
-52,-18,-33
-48,-18,-33
-49,-20,-38
-48,-21,-37
-47,-20,-36
-51,-21,-35
-50,-19,-36
-50,-21,-39
-47,-21,-39
-55,-19,-35
-54,-20,-34
-51,-17,-33
-52,-22,-40
-47,-21,-34
-43,-21,-39
-41,-27,-46
-49,-22,-40
-50,-22,-30
-44,-24,-32
-47,-24,-34
-50,-21,-36
-51,-23,-42
-52,-22,-45
-48,-21,-41
-50,-22,-40
-51,-24,-36
-46,-23,-34
-42,-27,-38
-43,-25,-37
-45,-23,-36
-45,-28,-39
-45,-28,-41
-40,-28,-40
-39,-28,-40
-43,-27,-42
-43,-27,-42
-39,-29,-41
-42,-27,-39
-42,-29,-41
-44,-27,-41
-43,-27,-39
-41,-27,-38
-49,-25,-37
-50,-24,-36
-51,-23,-36
-49,-25,-38
-50,-24,-38
-49,-24,-36
-49,-24,-35
-47,-24,-33
-50,-24,-31
-49,-24,-34
-50,-24,-35
-49,-23,-34
-50,-24,-35
-49,-24,-33
-51,-24,-33
-53,-24,-34
-53,-23,-33
-49,-24,-34
-49,-25,-35
-47,-26,-36
-44,-27,-37
-45,-27,-38
-44,-27,-35
-45,-27,-35
-48,-26,-36
-48,-25,-36
-49,-26,-36
-48,-25,-36
-48,-26,-35
-48,-25,-34
-47,-26,-35
-48,-26,-35
-48,-26,-36
-48,-26,-36
-48,-26,-35
-48,-26,-35
-48,-26,-35
-47,-26,-36
-47,-27,-36
-48,-27,-35
-46,-27,-35
-47,-27,-35
-48,-26,-35
-47,-27,-35
-49,-26,-36
-48,-27,-38
-45,-26,-33
-52,-26,-32
-44,-28,-34
-45,-26,-35
-48,-26,-34
-46,-26,-34
-47,-27,-35
-50,-26,-34
-50,-26,-34
-47,-27,-36
-46,-27,-36
-46,-27,-36
-48,-26,-34
-48,-27,-34
-48,-26,-35
-47,-26,-35
-51,-26,-37
-48,-27,-36
-46,-27,-35
-46,-27,-35
-48,-26,-36
-45,-27,-35
-44,-27,-35
-50,-26,-36
-49,-26,-34
-49,-26,-35
-50,-26,-35
-46,-27,-36
-44,-27,-35
-45,-27,-34
-52,-25,-33
-53,-25,-33
-52,-25,-33
-50,-25,-34
-45,-27,-36
-45,-27,-38
-44,-26,-34
-44,-27,-33
-52,-24,-30
-55,-23,-30
-58,-22,-30
-53,-24,-33
-49,-25,-34
-50,-25,-35
-49,-25,-34
-47,-26,-34
-51,-26,-35
-46,-25,-33
-47,-27,-32
-54,-24,-33
-53,-24,-33
-51,-24,-34
-53,-24,-34
-51,-24,-33
-49,-25,-34
-55,-23,-34
-50,-25,-34
-43,-26,-28
-53,-26,-31
-53,-23,-29
-52,-24,-30
-53,-24,-31
-53,-24,-33
-54,-24,-32
-53,-24,-31
-54,-25,-35
-54,-24,-23
-46,-23,-17
-53,-23,-23
-61,-22,-26
-57,-23,-26
-53,-23,-29
-55,-25,-31
-53,-26,-29
-48,-26,-28
-51,-26,-29
-54,-23,-24
-59,-24,-22
-55,-25,-24
-50,-24,-25
-60,-24,-25
-58,-23,-24
-56,-23,-26
-57,-24,-24
-65,-22,-22
-63,-21,-17
-52,-23,-15
-48,-27,-13
-59,-26,-18
-58,-25,-19
-54,-23,-19
-61,-23,-22
-57,-25,-23
-55,-24,-23
-58,-25,-21
-59,-24,-20
-59,-24,-16
-54,-24,-14
-56,-24,-14
-59,-24,-15
-59,-24,-19
-57,-23,-20
-56,-24,-21
-53,-26,-22
-54,-26,-24
-55,-26,-25
-56,-26,-24
-53,-26,-22
-55,-26,-23
-57,-25,-21
-53,-24,-18
-59,-23,-17
-60,-23,-14
-62,-20,-18
-59,-22,-20
-61,-21,-20
-58,-23,-21
-59,-23,-20
-57,-24,-21
-55,-25,-23
-53,-25,-22
-53,-25,-22
-57,-24,-24
-57,-25,-25
-52,-26,-25
-50,-26,-25
-51,-26,-27
-53,-27,-29
-51,-25,-28
-53,-25,-30
-55,-24,-29
-56,-24,-29
-53,-24,-27
-51,-25,-27
-53,-23,-28
-53,-25,-29
-56,-21,-24
-59,-21,-25
-57,-22,-25
-57,-22,-26
-54,-22,-27
-56,-23,-26
-54,-23,-26
-54,-23,-27
-55,-23,-27
-55,-23,-27
-55,-23,-25
-54,-24,-24
-55,-24,-24
-54,-24,-24
-52,-25,-27
-56,-24,-25
-57,-22,-23
-59,-24,-24
-56,-22,-24
-54,-23,-25
-54,-24,-27
-56,-24,-27
-51,-26,-27
-48,-25,-25
-57,-25,-24
-56,-22,-24
-56,-23,-26
-57,-23,-26
-55,-24,-24
-56,-23,-22
-56,-23,-23
-54,-24,-24
-52,-25,-27
-52,-26,-29
-51,-25,-28
-56,-24,-25
-56,-24,-23
-57,-23,-23
-56,-24,-26
-55,-24,-25
-54,-23,-25
-52,-24,-25
-55,-25,-26
-54,-25,-26
-56,-24,-25
-58,-23,-26
-52,-25,-24
-51,-26,-27
-54,-26,-28
-55,-24,-25
-55,-23,-23
-54,-25,-24
-54,-25,-25
-54,-25,-26
-54,-25,-24
-55,-24,-24
-56,-25,-25
-55,-24,-26
-56,-24,-24
-56,-24,-24
-52,-24,-23
-53,-26,-24
-54,-25,-25
-50,-25,-23
-57,-25,-28
-56,-25,-28
-55,-24,-27
-55,-23,-27
-55,-24,-27
-54,-24,-26
-54,-24,-26
-55,-24,-26
-54,-24,-26
-54,-24,-27
-55,-23,-26
-55,-24,-27
-55,-24,-26
-53,-25,-28
-54,-25,-29
-54,-25,-28
-49,-26,-27
-53,-25,-28
-57,-24,-27
-60,-24,-28
-56,-25,-25
-54,-24,-23
-61,-24,-24
-54,-26,-16
-51,-23,-11
-65,-18,-3
-66,-19,-8
-57,-21,-15
-60,-26,-13
-56,-23,-10
-55,-25,-12
-55,-25,-15
-57,-24,-16
-61,-23,-20
-60,-25,-22
-62,-24,-22
-57,-23,-18
-54,-24,-16
-56,-25,-17
-52,-25,-19
-53,-27,-20
-56,-25,-18
-59,-24,-18
-60,-23,-20
-58,-24,-22
-57,-25,-22
-57,-25,-22
-56,-25,-20
-57,-24,-20
-56,-25,-21
-55,-24,-21
-56,-25,-21
-56,-24,-21
-57,-25,-22
-56,-24,-22
-55,-24,-22
-55,-24,-21
-56,-24,-21
-56,-24,-22
-56,-25,-23
-56,-25,-23
-56,-25,-22
-56,-24,-23
-57,-24,-23
-56,-25,-22
-55,-25,-21
-55,-25,-20
-56,-25,-21
-55,-25,-20
-55,-25,-21
-56,-25,-22
-56,-25,-22
-56,-24,-22
-56,-25,-22
-55,-25,-22
-55,-25,-22
-55,-25,-23
-56,-25,-24
-58,-25,-24
-58,-25,-24
-52,-24,-21
-54,-26,-18
-54,-26,-20
-55,-24,-22
-57,-25,-24
-57,-25,-24
-56,-24,-22
-56,-25,-23
-55,-25,-23
-55,-25,-23
-55,-26,-23
-56,-25,-23
-55,-25,-22
-56,-25,-23
-55,-25,-23
-56,-25,-23
-55,-25,-23
-54,-25,-22
-55,-26,-23
-55,-25,-23
-57,-25,-24
-57,-25,-23
-55,-25,-22
-52,-25,-20
-56,-25,-21
-55,-24,-22
-57,-25,-23
-56,-25,-22
-56,-25,-22
-56,-24,-22
-57,-24,-23
-56,-25,-22
-56,-25,-22
-55,-25,-22
-53,-25,-21
-54,-25,-20
-56,-25,-21
-56,-25,-23
-55,-25,-24
-56,-25,-23
-54,-25,-22
-55,-25,-23
-57,-24,-22
-58,-24,-22
-56,-24,-23
-56,-25,-22
-55,-25,-23
-52,-25,-21
-56,-25,-21
-58,-24,-21
-54,-25,-20
-57,-25,-21
-57,-25,-20
-59,-24,-19
-55,-24,-18
-55,-25,-17
-58,-25,-18
-58,-24,-17
-57,-25,-18
-56,-25,-20
-57,-25,-19
-57,-25,-19
-58,-24,-19
-57,-24,-19
-57,-25,-20
-57,-25,-19
-56,-25,-18
-55,-25,-19
-54,-26,-22
-55,-26,-23
-55,-26,-18
-57,-25,-22
-57,-24,-20
-58,-23,-18
-60,-23,-20
-61,-23,-22
-59,-20,-22
-54,-18,-16
-57,-26,-20
-53,-23,-23
-52,-23,-25
-54,-26,-30
-55,-24,-30
-55,-23,-29
-54,-25,-26
-54,-24,-26
-54,-24,-26
-54,-24,-26
-54,-25,-25
-54,-25,-26
-53,-24,-25
-54,-25,-25
-55,-25,-27
-54,-24,-27
-53,-24,-26
-55,-25,-27
-54,-24,-26
-55,-25,-27
-53,-24,-26
-54,-24,-27
-56,-24,-29
-54,-24,-28
-54,-24,-28
-53,-24,-27
-53,-24,-27
-53,-24,-27
-54,-24,-28
-54,-24,-28
-52,-24,-27
-53,-24,-27
-54,-25,-28
-54,-24,-28
-54,-24,-28
-53,-24,-27
-54,-24,-28
-54,-24,-28
-54,-25,-28
-54,-24,-28
-52,-24,-27
-54,-24,-27
-53,-24,-27
-54,-25,-28
-53,-24,-27
-53,-24,-27
-54,-25,-28
-54,-24,-28
-54,-24,-28
-54,-24,-26
-54,-23,-26
-54,-25,-29
-53,-24,-28
-53,-25,-26
-54,-25,-27
-53,-25,-27
-53,-25,-27
-54,-25,-27
-56,-24,-26
-53,-25,-27
-55,-25,-27
-54,-25,-27
-53,-25,-27
-54,-24,-27
-54,-24,-27
-55,-24,-26
-54,-24,-26
-54,-24,-26
-53,-25,-27
-53,-25,-25
-55,-24,-24
-57,-23,-24
-55,-24,-24
-55,-24,-25
-55,-24,-25
-55,-24,-25
-55,-24,-24
-54,-25,-25
-53,-25,-25
-54,-25,-26
-54,-25,-25
-54,-25,-24
-55,-24,-25
-56,-24,-24
-56,-24,-24
-55,-24,-25
-56,-24,-25
-54,-25,-25
-56,-24,-23
-55,-24,-23
-54,-25,-25
-55,-25,-25
-55,-24,-23
-56,-24,-24
-56,-24,-24
-56,-24,-24
-56,-25,-25
-54,-25,-24
-57,-25,-24
-54,-25,-22
-53,-26,-23
-53,-26,-23
-55,-26,-23
-55,-25,-23
-56,-25,-23
-56,-25,-23
-56,-24,-22
-57,-24,-22
-56,-24,-22
-54,-25,-23
-54,-27,-24
-55,-25,-23
-55,-25,-23
-55,-25,-23
-55,-25,-23
-57,-24,-21
-55,-26,-24
-55,-26,-24
-56,-26,-22
-56,-25,-22
-58,-26,-21
-57,-24,-19
-59,-25,-19
-60,-24,-16
-60,-25,-15
-51,-28,-11
-48,-26,-8
-59,-25,-15
-60,-25,-17
-61,-23,-17
-63,-23,-14
-63,-22,-12
-56,-24,-8
-54,-26,-8
-56,-26,-12
-58,-25,-16
-58,-25,-15
-59,-23,-12
-59,-23,-12
-59,-24,-13
-58,-25,-16
-55,-25,-20
-58,-25,-19
-59,-22,-17
-58,-23,-19
-59,-23,-20
-60,-23,-21
-57,-23,-20
-57,-24,-20
-58,-23,-20
-57,-24,-21
-56,-25,-21
-55,-25,-19
-57,-24,-18
-58,-23,-18
-58,-24,-18
-57,-24,-17
-57,-24,-19
-57,-24,-19
-57,-24,-18
-57,-24,-18
-57,-24,-18
-58,-24,-18
-57,-25,-19
-57,-24,-18
-58,-24,-19
-57,-24,-19
-57,-24,-18
-58,-24,-18
-56,-24,-18
-57,-24,-18
-58,-23,-17
-57,-24,-17
-54,-25,-17
-58,-23,-19
-60,-23,-20
-58,-22,-21
-60,-23,-21
-59,-22,-20
-57,-25,-20
-54,-25,-19
-55,-25,-18
-56,-24,-18
-57,-24,-19
-58,-24,-20
-58,-24,-21
-57,-24,-20
-57,-24,-20
-55,-25,-19
-57,-24,-20
-58,-24,-19
-58,-24,-20
-57,-24,-19
-56,-25,-20
-56,-25,-20
-56,-25,-20
-56,-24,-19
-58,-24,-20
-58,-24,-19
-57,-24,-19
-57,-24,-20
-56,-25,-20
-57,-24,-19
-57,-24,-20
-57,-24,-21
-56,-24,-19
-57,-24,-20
-57,-25,-21
-56,-24,-20
-57,-24,-20
-56,-24,-20
-57,-24,-19
-57,-24,-19
-56,-25,-20
-56,-25,-20
-56,-25,-19
-56,-25,-21
-57,-25,-21
-57,-24,-20
-57,-24,-20
-57,-24,-20
-56,-25,-20
-56,-24,-20
-55,-26,-20
-56,-25,-20
-57,-24,-20
-57,-24,-19
-57,-24,-21
-58,-23,-21
-57,-25,-22
-55,-26,-21
-54,-25,-21
-58,-24,-22
-56,-24,-20
-55,-24,-20
-57,-25,-21
-55,-25,-21
-53,-25,-20
-54,-26,-22
-55,-25,-22
-58,-24,-23
-56,-25,-22
-55,-25,-22
-55,-26,-21
-55,-25,-22
-56,-25,-22
-57,-24,-21
-56,-25,-22
-55,-25,-22
-55,-25,-22
-55,-25,-21
-56,-25,-22
-56,-25,-21
-56,-25,-21
-56,-25,-21
-56,-24,-21
-56,-24,-22
-57,-24,-22
-56,-25,-22
-56,-25,-22
-55,-25,-21
-56,-24,-21
-56,-24,-21
-57,-24,-22
-56,-24,-22
-56,-25,-22
-56,-25,-22
-55,-24,-21
-56,-24,-21
-56,-24,-21
-56,-24,-22
-56,-24,-22
-56,-25,-22
-56,-24,-22
-56,-24,-22
-56,-24,-22
-57,-24,-22
-56,-25,-21
-55,-25,-21
-55,-25,-21
-56,-25,-21
-56,-25,-21
-56,-25,-22
-56,-25,-21
-56,-25,-22
-56,-24,-22
-56,-25,-21
-56,-25,-21
-55,-24,-21
-56,-25,-21
-57,-24,-22
-56,-25,-21
-56,-25,-22
-56,-25,-21
-56,-25,-21
-56,-25,-21
-56,-25,-21
-56,-25,-22
-56,-25,-22
-56,-25,-21
-56,-25,-22
-56,-25,-22
-56,-25,-22
-56,-24,-21
-56,-25,-22
-56,-25,-21
-56,-25,-21
-56,-25,-21
-56,-25,-22
-56,-25,-21
-56,-24,-21
-56,-25,-21
-56,-25,-21
-56,-25,-21
-56,-25,-21
-56,-25,-21
-54,-24,-21
-58,-25,-22
-55,-25,-21
-56,-25,-22
-56,-25,-22
-56,-25,-22
-56,-25,-22
-56,-25,-22
-57,-25,-22
-56,-25,-22
-56,-25,-22
-54,-24,-21
-57,-25,-21
-56,-25,-21
-56,-25,-21
-56,-25,-21
-56,-25,-21
-57,-25,-22
-56,-25,-21
-56,-25,-21
-56,-25,-21
-55,-25,-22
-56,-25,-22
-56,-25,-21
-56,-25,-21
-56,-25,-21
-56,-25,-21
-56,-25,-22
-56,-25,-20
-56,-25,-21
-57,-24,-21
-57,-24,-21
-56,-25,-22
-56,-25,-23
-57,-24,-23
-57,-24,-23
-57,-24,-21
-54,-26,-20
-52,-26,-19
-56,-25,-20
-58,-24,-20
-58,-24,-21
-58,-24,-22
-57,-24,-21
-57,-25,-22
-55,-25,-19
-58,-25,-21
-56,-24,-18
-57,-23,-18
-58,-26,-21
-55,-24,-21
-56,-25,-22
-56,-26,-21
-56,-24,-22
-56,-24,-21
-58,-24,-22
-56,-24,-22
-56,-25,-21
-55,-26,-21
-55,-25,-22
-55,-25,-22
-58,-24,-22
-56,-24,-21
-57,-24,-22
-56,-25,-21
-55,-25,-21
-56,-24,-21
-57,-24,-21
-55,-24,-22
-56,-25,-21
-56,-25,-21
-56,-24,-21
-57,-24,-21
-56,-24,-21
-57,-25,-22
-58,-23,-21
-57,-24,-21
-56,-24,-21
-54,-25,-23
-56,-25,-21
-56,-25,-21
-54,-25,-22
-56,-25,-22
-56,-25,-22
-56,-25,-22
-58,-24,-22
-55,-25,-22
-56,-25,-22
-56,-25,-21
-55,-25,-20
-55,-25,-21
-57,-24,-20
-57,-24,-22
-60,-23,-23
-59,-24,-22
-55,-25,-22
-53,-26,-22
-53,-26,-22
-54,-25,-23
-57,-23,-23
-58,-24,-23
-57,-25,-23
-55,-25,-22
-54,-26,-23
-56,-24,-23
-57,-24,-22
-57,-24,-22
-55,-25,-23
-55,-25,-23
-55,-25,-22
-56,-24,-22
-56,-24,-22
-55,-25,-23
-55,-26,-23
-55,-25,-22
-56,-25,-22
-56,-24,-22
-58,-24,-23
-55,-25,-23
-56,-25,-23
-55,-25,-21
-55,-24,-21
-57,-24,-21
-56,-24,-23
-54,-25,-23
-56,-25,-23
-55,-24,-20
-56,-24,-21
-56,-25,-22
-55,-25,-22
-56,-25,-22
-56,-25,-22
-55,-25,-22
-56,-25,-23
-56,-25,-22
-56,-25,-22
-56,-25,-22
-55,-25,-22
-55,-25,-23
-56,-25,-22
-55,-25,-22
-55,-25,-22
-57,-24,-22
-56,-24,-22
-56,-24,-22
-56,-25,-22
-55,-25,-22
-55,-25,-22
-56,-25,-21
-55,-25,-22
-55,-25,-22
-55,-25,-22
-57,-24,-22
-56,-25,-22
-55,-25,-22
-55,-25,-22
-56,-25,-23
-56,-25,-23
-56,-24,-22
-56,-25,-22
-56,-25,-22
-56,-25,-22
-56,-25,-22
-55,-25,-22
-56,-25,-23
-56,-25,-22
-55,-25,-22
-56,-25,-22
-56,-25,-22
-55,-25,-22
-55,-25,-22
-56,-25,-22
-56,-25,-22
-56,-25,-22
-56,-24,-23
-56,-25,-22
-55,-25,-23
-56,-25,-23
-55,-25,-22
-55,-25,-22
-55,-25,-22
-55,-25,-22
-56,-25,-22
-56,-25,-22
-55,-25,-22
-56,-25,-22
-56,-25,-22
-55,-25,-22
-55,-25,-22
-56,-25,-22
-56,-25,-22
-55,-25,-22
-55,-25,-22
-56,-25,-22
-56,-25,-22
-56,-25,-22
-56,-25,-22
-56,-25,-22
-55,-25,-22
-56,-25,-22
-56,-25,-22
-56,-25,-22
-55,-25,-22
-56,-25,-22
-55,-25,-22
-56,-25,-23
-56,-25,-22
-56,-25,-21
-56,-25,-22
-56,-25,-23
-56,-25,-22
-56,-25,-21
-56,-25,-21
-56,-25,-21
-55,-25,-21
-56,-26,-23
-55,-25,-21
-56,-25,-22
-56,-25,-22
-56,-25,-21
-55,-25,-22
-56,-25,-23
-55,-25,-22
-55,-25,-22
-55,-25,-22
-56,-25,-21
-55,-25,-22
-56,-25,-22
-57,-25,-22
-56,-25,-22
-56,-25,-22
-56,-25,-22
-56,-25,-22
-56,-25,-22
-56,-25,-22
-55,-25,-22
-56,-26,-22
-55,-25,-22
-55,-26,-23
-56,-25,-23
-55,-25,-22
-56,-25,-23
-56,-25,-23
-55,-26,-21
-56,-25,-21
-56,-25,-21
-55,-25,-23
-55,-26,-23
-55,-26,-23
-55,-25,-22
-57,-25,-22
-56,-25,-22
-55,-25,-22
-55,-26,-22
-55,-25,-22
-56,-25,-23
-56,-25,-22
-56,-26,-22
-55,-26,-22
-55,-26,-22
-55,-26,-22
-56,-25,-21
-55,-25,-21
-56,-26,-23
-56,-25,-22
-55,-25,-21
-56,-26,-22
-56,-25,-22
-56,-25,-22
-59,-25,-23
-61,-25,-24
-63,-26,-25
-59,-26,-21
-56,-26,-19
-49,-29,-6
-53,-26,-1
-63,-24,0
-51,-26,10
-48,-26,18
-59,-22,22
-53,-23,28
-47,-24,32
-47,-24,33
-48,-25,33
-45,-25,35
-46,-25,36
-44,-25,39
-43,-26,40
-45,-26,37
-45,-26,36
-42,-25,37
-44,-26,40
-44,-25,40
-44,-25,39
-44,-26,37
-46,-26,36
-45,-26,36
-44,-26,37
-44,-26,37
-42,-27,39
-43,-27,37
-43,-26,39
-43,-27,39
-44,-26,40
-41,-27,41
-34,-27,43
-35,-28,43
-37,-28,42
-39,-28,41
-39,-28,40
-41,-28,39
-40,-27,42
-40,-28,42
-43,-28,37
-42,-30,35
-39,-29,36
-36,-29,40
-39,-29,39
-47,-27,38
-45,-27,37
-43,-28,37
-37,-28,41
-35,-29,43
-36,-29,43
-37,-28,42
-40,-29,40
-41,-28,40
-38,-28,41
-37,-28,43
-37,-28,43
-37,-29,42
-37,-29,42
-37,-29,42
-37,-29,42
-38,-28,42
-38,-28,43
-37,-29,41
-37,-29,41
-37,-28,43
-39,-28,43
-38,-28,43
-38,-28,43
-38,-28,41
-38,-28,41
-38,-28,41
-38,-28,41
-39,-28,40
-35,-28,43
-34,-27,45
-40,-26,43
-39,-25,44
-42,-26,43
-46,-27,35
-48,-26,33
-48,-26,33
-45,-26,36
-45,-27,38
-43,-27,37
-44,-27,36
-45,-27,36
-45,-27,36
-45,-27,35
-45,-27,36
-41,-27,39
-40,-28,41
-38,-28,41
-39,-28,41
-39,-28,40
-38,-28,41
-39,-29,40
-39,-29,39
-40,-28,40
-41,-28,39
-41,-28,40
-41,-28,39
-41,-28,39
-41,-28,39
-41,-28,39
-40,-28,39
-40,-28,39
-40,-27,40
-40,-27,40
-38,-28,40
-42,-27,39
-45,-27,37
-47,-25,37
-47,-26,37
-45,-26,38
-43,-27,38
-43,-27,38
-42,-27,38
-40,-26,39
-44,-27,39
-42,-27,38
-42,-28,37
-42,-27,38
-41,-27,39
-39,-28,39
-40,-28,38
-42,-27,40
-39,-27,40
-39,-28,39
-44,-28,37
-41,-28,37
-41,-28,38
-43,-28,39
-43,-27,39
-43,-27,39
-43,-27,39
-41,-28,38
-41,-28,38
-42,-28,39
-40,-28,39
-40,-28,40
-41,-28,39
-41,-28,39
-41,-28,39
-40,-28,39
-40,-28,40
-40,-28,40
-41,-28,39
-41,-28,39
-40,-28,39
-40,-28,39
-40,-28,39
-40,-28,40
-40,-28,40
-40,-28,39
-41,-28,39
-41,-28,40
-40,-28,39
-40,-28,39
-40,-28,40
-40,-28,40
-41,-28,39
-41,-28,39
-41,-28,40
-41,-28,40
-40,-28,39
-40,-28,39
-40,-28,40
-39,-28,40
-40,-28,40
-40,-28,40
-41,-28,39
-41,-28,40
-40,-28,40
-40,-28,40
-40,-28,39
-39,-28,40
-41,-28,39
-39,-27,40
-34,-30,41
-36,-28,42
-39,-26,41
-45,-26,38
-47,-25,41
-46,-25,41
-44,-26,40
-42,-26,39
-39,-27,41
-40,-27,41
-42,-26,39
-44,-26,38
-43,-26,40
-43,-27,37
-44,-27,37
-43,-27,38
-42,-26,39
-42,-26,41
-41,-27,39
-41,-27,38
-42,-27,35
-43,-28,31
-45,-27,33
-44,-24,43
-44,-22,46
-44,-22,46
-45,-23,43
-44,-23,43
-42,-26,38
-42,-28,29
-45,-27,36
-44,-25,39
-43,-24,41
-44,-24,41
-46,-23,42
-44,-24,39
-43,-25,39
-44,-25,38
-44,-26,35
-45,-26,34
-46,-24,38
-44,-23,42
-44,-24,41
-45,-25,39
-45,-25,38
-43,-25,38
-44,-25,38
-44,-25,39
-45,-25,38
-45,-24,38
-45,-25,38
-44,-25,38
-43,-25,38
-43,-25,38
-44,-25,38
-44,-25,39
-44,-25,39
-43,-25,39
-44,-25,39
-44,-25,40
-44,-25,40
-44,-25,39
-43,-26,37
-40,-27,38
-39,-27,39
-39,-27,40
-40,-27,40
-41,-27,40
-41,-26,41
-41,-27,40
-42,-26,40
-41,-27,39
-41,-27,40
-41,-27,40
-41,-27,40
-41,-27,40
-41,-27,40
-41,-27,40
-41,-27,40
-40,-27,40
-40,-27,41
-40,-27,40
-41,-27,40
-41,-27,40
-41,-27,40
-41,-27,40
-41,-27,41
-40,-27,40
-40,-27,40
-41,-27,40
-41,-27,40
-41,-27,40
-41,-27,40
-41,-27,40
-41,-27,41
-41,-27,40
-40,-27,40
-40,-27,40
-41,-27,40
-41,-27,41
-41,-27,41
-41,-27,40
-40,-27,40
-40,-27,40
-41,-27,40
-41,-27,41
-41,-27,41
-40,-27,40
-40,-27,40
-40,-27,41
-41,-27,40
-42,-27,40
-40,-27,41
-39,-27,41
-39,-27,41
-40,-27,41
-40,-27,41
-40,-27,41
-40,-27,41
-39,-27,41
-40,-27,41
-40,-27,41
-40,-27,41
-40,-27,41
-40,-27,41
-40,-27,41
-40,-27,41
-40,-27,41
-40,-27,41
-40,-27,41
-40,-27,41
-40,-27,41
-40,-27,41
-39,-27,41
-39,-27,41
-39,-27,41
-39,-27,41
-39,-27,41
-39,-28,41
-39,-27,41
-40,-27,41
-39,-27,41
-39,-28,41
-39,-27,41
-39,-28,41
-39,-27,41
-39,-27,41
-39,-28,41
-40,-27,41
-39,-27,42
-39,-28,41
-39,-27,41
-39,-27,41
-40,-27,41
-40,-27,41
-39,-28,41
-39,-27,41
-39,-27,41
-39,-27,41
-39,-27,41
-39,-27,41
-39,-28,41
-40,-27,41
-39,-28,41
-38,-27,41
-39,-28,41
-39,-28,41
-38,-28,40
-43,-29,36
-45,-27,37
-40,-26,42
-47,-26,39
-44,-26,37
-40,-26,38
-39,-28,41
-37,-27,42
-38,-27,42
-44,-28,37
-45,-28,35
-46,-27,36
-40,-27,36
-37,-27,40
-39,-28,38
-44,-20,41
-64,-27,35
-42,-21,39
-51,-26,33
-55,-26,31
-54,-24,30
-50,-25,31
-44,-25,38
-41,-25,40
-41,-26,39
-46,-26,37
-44,-27,38
-42,-27,38
-40,-29,36
-40,-27,37
-40,-27,38
-44,-26,39
-44,-28,37
-42,-27,38
-42,-26,39
-41,-28,38
-41,-26,40
-39,-23,49
-40,-25,44
-43,-28,31
-49,-28,26
-56,-26,21
-59,-24,23
-55,-25,27
-54,-24,28
-52,-26,29
-50,-27,29
-46,-26,31
-48,-26,34
-46,-27,34
-44,-28,35
-46,-27,34
-46,-27,32
-48,-28,32
-51,-26,33
-50,-26,34
-41,-28,37
-38,-28,40
-40,-27,40
-37,-27,42
-45,-27,40
-45,-26,37
-45,-28,29
-46,-28,29
-50,-28,27
-46,-28,25
-47,-30,17
-68,-25,23
-54,-24,21
-56,-26,21
-57,-26,23
-43,-32,23
-32,-31,24
-36,-32,24
-67,-27,20
-71,-23,20
-61,-20,20
-57,-18,23
-54,-17,23
-55,-12,38
-55,-10,34
-53,-6,42
-51,-9,44
-47,-11,44
-36,-12,49
-40,-14,45
-41,-10,49
-41,-7,50
-47,-1,46
-45,-1,45
-56,3,38
-57,-2,30
-64,2,29
-60,-3,25
-56,-2,28
-43,8,45
-45,28,56
-43,20,43
-78,8,7
-77,0,0
-68,-4,2
-61,-9,9
-58,-11,11
-68,-6,14
-59,-6,17
-58,-4,17
-66,-5,15
-64,-4,15
-61,-6,17
-63,-5,19
-62,-6,17
-60,-4,20
-63,-6,18
-63,-6,17
-62,-5,18
-64,-6,16
-64,-4,17
-64,-6,17
-59,-6,21
-61,-6,21
-59,-7,21
-62,-6,20
-62,-6,19
-63,-5,18
-63,-5,17
-62,-6,18
-62,-6,15
-63,-6,16
-63,-6,17
-64,-4,17
-65,-7,15
-61,-6,17
-60,-7,19
-61,-7,19
-61,-7,19
-61,-7,19
-62,-7,18
-62,-7,18
-61,-7,18
-60,-6,19
-64,-6,17
-60,-7,18
-61,-6,18
-61,-8,18
-61,-7,19
-62,-7,18
-62,-7,18
-61,-7,18
-62,-7,18
-61,-7,18
-61,-7,18
-61,-6,19
-62,-7,17
-63,-7,15
-61,-9,17
-62,-6,17
-62,-6,16
-63,-7,17
-62,-7,18
-62,-7,18
-62,-7,17
-62,-7,16
-62,-7,16
-63,-7,16
-63,-7,16
-62,-7,17
-62,-7,17
-62,-7,17
-62,-7,16
-62,-7,17
-62,-6,18
-61,-7,17
-61,-6,18
-62,-8,18
-62,-7,18
-61,-7,18
-63,-7,16
-63,-7,16
-63,-7,16
-61,-7,17
-62,-7,17
-62,-7,16
-62,-7,16
-63,-6,16
-62,-6,16
-63,-7,15
-63,-7,15
-62,-7,15
-62,-6,17
-62,-7,17
-62,-7,15
-63,-7,15
-62,-7,15
-62,-6,16
-62,-7,16
-62,-7,16
-63,-7,15
-63,-7,15
-63,-6,16
-62,-7,16
-62,-7,16
-62,-7,16
-63,-6,15
-63,-7,16
-62,-7,15
-63,-7,15
-62,-7,15
-62,-7,16
-63,-7,15
-62,-7,15
-62,-7,15
-62,-7,16
-62,-7,16
-62,-7,16
-63,-7,15
-63,-7,15
-63,-7,15
-62,-7,15
-62,-7,15
-63,-7,15
-63,-7,15
-63,-7,16
-63,-7,16
-63,-7,15
-62,-7,16
-62,-7,16
-63,-7,15
-62,-7,15
-62,-7,15
-62,-6,15
-63,-7,15
-63,-7,15
-63,-7,15
-57,-7,19
-60,-8,18
-61,-7,16
-62,-7,16
-63,-6,16
-63,-6,16
-62,-7,17
-62,-7,16
-62,-6,16
-62,-7,16
-62,-7,16
-62,-7,16
-62,-7,16
-62,-7,16
-62,-6,17
-62,-6,17
-62,-7,17
-62,-7,16
-62,-7,17
-62,-7,17
-62,-6,16
-63,-7,16
-62,-7,16
-62,-6,15
-63,-6,16
-62,-6,16
-63,-7,16
-62,-7,16
-62,-7,16
-62,-7,16
-62,-6,16
-62,-7,16
-63,-7,15
-62,-6,17
-62,-7,18
-62,-6,16
-63,-6,16
-63,-6,16
-62,-7,16
-62,-7,17
-62,-7,17
-62,-7,16
-62,-7,16
-62,-7,16
-62,-7,16
-62,-7,17
-62,-7,16
-62,-7,17
-62,-7,17
-62,-7,16
-62,-7,17
-62,-7,17
-62,-7,17
-62,-7,16
-63,-7,16
-62,-7,17
-62,-7,17
-62,-7,16
-62,-6,17
-62,-7,17
-62,-7,17
-62,-7,16
-62,-7,17
-62,-7,17
-62,-7,17
-62,-7,17
-62,-7,17
-62,-7,17
-62,-7,17
-62,-7,17
-62,-7,16
-62,-7,16
-62,-7,18
-62,-7,18
-62,-7,17
-62,-7,17
-63,-7,16
-62,-7,16
-62,-7,17
-62,-7,17
-62,-7,16
-62,-7,17
-62,-7,17
-62,-7,17
-62,-7,17
-62,-7,17
-61,-7,17
-62,-7,17
-63,-7,16
-63,-6,18
-63,-6,18
-61,-7,18
-61,-7,18
-61,-7,17
-64,-7,13
-63,-7,16
-62,-6,18
-61,-7,20
-61,-7,19
-61,-8,17
-62,-7,17
-62,-7,18
-62,-7,17
-63,-7,15
-63,-7,15
-62,-7,16
-62,-7,18
-61,-7,18
-61,-7,18
-62,-7,17
-63,-7,16
-62,-7,16
-62,-7,16
-62,-7,16
-62,-7,16
-62,-7,17
-62,-7,17
-62,-7,17
-62,-7,17
-62,-7,17
-62,-7,17
-62,-7,17
-62,-7,17
-62,-7,17
-62,-7,17
-62,-7,17
-62,-7,18
-62,-7,17
-62,-7,17
-62,-7,16
-62,-7,17
-62,-7,17
-62,-7,17
-63,-7,16
-62,-7,17
-62,-7,18
-62,-7,17
-62,-7,16
-62,-7,16
-62,-7,17
-62,-7,17
-62,-7,17
-62,-7,16
-62,-7,16
-63,-7,16
-62,-7,17
-62,-7,16
-62,-7,17
-62,-7,17
-62,-7,17
-62,-7,16
-62,-7,16
-62,-7,16
-62,-7,17
-62,-7,17
-62,-7,16
-62,-7,16
-62,-7,16
-62,-7,16
-62,-7,17
-62,-7,17
-62,-7,16
-62,-7,16
-62,-7,16
-62,-7,16
-62,-7,17
-62,-7,17
-62,-7,16
-62,-7,16
-62,-7,17
-62,-7,16
-62,-7,16
-62,-7,16
-62,-7,17
-62,-7,17
-62,-7,17
-62,-7,16
-62,-7,16
-62,-7,17
-62,-7,17
-62,-7,17
-62,-7,17
-62,-7,16
-63,-7,16
-63,-6,16
-62,-7,17
-61,-7,15
-61,-6,18
-58,-7,19
-51,-8,24
-67,-4,20
-57,-8,15
-83,-6,-2
-101,-9,-4
-117,-5,-4
-121,1,-3
-89,-10,-2
-76,-15,5
-73,-18,-1
-57,-15,-3
-33,-19,-8
-30,-25,-11
-24,-28,-14
-21,-35,-15
-21,-51,-14
-11,-58,-7
7,-63,-3
2,-63,-9
-16,-63,-3
-12,-58,12
-3,-59,17
-12,-59,10
-18,-60,8
-18,-60,9
-24,-59,8
-26,-57,8
-20,-58,9
-7,-58,14
-3,-60,13
-6,-61,9
-14,-60,10
-14,-59,12
-7,-59,16
-4,-60,11
-1,-61,8
2,-62,6
-2,-62,3
-2,-62,3
-3,-61,8
-5,-60,15
-6,-59,15
-8,-60,12
-10,-60,11
-9,-59,13
-7,-59,18
-6,-59,17
-7,-60,12
-8,-61,9
-7,-61,8
-6,-61,9
-6,-60,11
-6,-60,11
-7,-60,11
-8,-60,14
-8,-59,14
-8,-59,12
-1,-60,13
-1,-60,12
5,-60,13
6,-60,12
4,-60,13
2,-60,14
2,-60,15
4,-60,15
7,-61,12
6,-61,12
-10,-60,10
-10,-59,12
-8,-59,16
-3,-59,20
-3,-59,21
-4,-59,20
-5,-59,18
-6,-59,15
-14,-59,11
-3,-60,17
4,-61,17
-1,-59,12
12,-59,20
10,-60,21
-2,-58,13
1,-58,13
12,-58,18
24,-61,16
22,-60,10
13,-59,8
10,-61,6
10,-60,5
6,-60,8
0,-62,0
-6,-61,-1
-8,-62,9
-10,-58,19
-8,-59,22
-2,-59,7
-8,-60,1
-11,-60,-2
-14,-60,-5
-11,-59,-2
-18,-58,17
-31,-57,28
-13,-57,29
-14,-59,19
-5,-60,11
-1,-61,12
-4,-60,11
1,-60,7
4,-59,1
1,-59,-7
-3,-57,-1
0,-54,15
-18,-51,27
-30,-50,35
-36,-49,59
-31,-49,50
-9,-47,38
-3,-52,33
-3,-53,37
-3,-52,36
1,-53,35
2,-53,33
1,-53,32
-6,-54,36
-2,-53,32
0,-53,27
7,-55,15
9,-55,12
11,-58,17
10,-57,21
9,-56,23
3,-55,27
4,-55,30
5,-55,28
0,-57,20
10,-57,18
13,-56,18
16,-56,21
18,-56,20
16,-56,18
14,-56,13
16,-56,13
15,-57,18
12,-56,24
8,-55,29
8,-55,29
11,-55,24
11,-55,22
13,-56,22
14,-55,24
14,-55,25
11,-55,22
9,-56,16
9,-56,15
8,-57,19
8,-55,23
4,-54,30
7,-53,28
8,-54,25
12,-56,31
14,-54,32
15,-53,33
15,-54,25
15,-53,24
15,-53,23
12,-56,17
9,-58,15
9,-57,11
5,-54,26
0,-56,32
-1,-54,37
3,-54,29
4,-54,29
4,-54,30
4,-53,32
1,-53,35
8,-52,32
12,-54,26
13,-54,28
14,-54,32
14,-53,40
13,-52,35
12,-53,28
7,-54,22
7,-57,11
13,-58,10
16,-58,13
16,-57,18
14,-56,18
14,-57,18
14,-56,13
15,-56,11
15,-57,12
15,-57,14
14,-57,13
10,-56,16
12,-55,23
13,-55,25
15,-54,21
19,-54,20
20,-54,22
20,-53,29
23,-52,34
26,-51,36
26,-52,29
21,-53,25
15,-53,22
7,-55,20
5,-56,21
5,-55,22
9,-54,25
11,-54,27
15,-54,27
15,-54,27
15,-54,26
13,-54,25
12,-54,24
12,-54,24
13,-54,26
13,-54,26
14,-54,27
14,-53,27
14,-54,27
14,-54,26
13,-53,26
11,-54,26
11,-54,27
11,-54,27
11,-54,27
11,-54,27
11,-54,26
12,-54,26
13,-54,26
12,-54,27
11,-54,26
11,-54,26
11,-54,27
12,-53,27
12,-54,27
13,-53,27
13,-54,26
12,-54,27
13,-54,26
12,-54,26
12,-54,26
12,-54,26
12,-54,26
12,-54,26
12,-54,27
12,-54,27
12,-54,27
12,-54,27
13,-54,26
12,-54,26
12,-54,27
12,-54,26
12,-54,26
15,-54,24
16,-53,25
15,-53,27
10,-53,30
8,-53,30
7,-53,27
12,-54,25
14,-54,25
18,-54,25
18,-53,26
17,-53,26
13,-53,27
12,-53,27
12,-53,27
14,-53,26
13,-53,25
13,-54,25
13,-54,26
13,-54,26
14,-53,27
16,-53,27
17,-53,27
16,-53,28
14,-53,28
14,-53,29
12,-53,27
12,-54,25
12,-54,23
13,-54,25
11,-53,25
11,-53,26
12,-53,29
14,-53,29
14,-53,32
17,-53,30
16,-53,29
15,-53,25
5,-55,22
2,-54,25
-3,-55,27
-1,-54,26
2,-54,27
6,-54,29
9,-53,31
8,-53,31
6,-53,30
6,-53,30
5,-55,26
7,-54,25
8,-54,26
11,-53,27
11,-54,30
10,-53,29
10,-53,32
6,-53,29
8,-53,28
7,-54,28
5,-54,28
5,-54,28
4,-54,29
4,-54,29
3,-54,27
4,-54,26
5,-54,25
11,-53,27
14,-53,30
14,-53,30
12,-53,32
9,-53,31
8,-53,30
7,-54,26
5,-55,25
6,-55,26
8,-53,29
8,-53,30
9,-53,29
8,-54,29
9,-53,29
10,-53,28
11,-53,27
10,-53,29
8,-53,29
8,-53,29
9,-54,30
9,-53,29
10,-53,31
10,-53,31
10,-53,30
10,-53,30
10,-53,29
11,-53,29
11,-54,26
11,-53,24
10,-53,30
10,-53,31
12,-53,26
13,-54,25
12,-54,27
12,-53,27
13,-53,28
13,-53,28
12,-53,28
13,-53,28
13,-53,27
13,-54,26
13,-53,25
12,-52,31
8,-53,31
7,-53,29
7,-53,28
8,-53,29
9,-53,28
11,-53,29
12,-53,30
12,-53,29
10,-53,29
9,-53,29
7,-53,29
6,-53,29
6,-53,28
7,-53,30
11,-53,30
12,-53,29
13,-53,29
12,-53,29
12,-53,29
10,-53,29
9,-53,28
10,-53,28
11,-53,28
12,-53,28
15,-53,28
14,-53,29
13,-53,29
11,-53,30
10,-53,28
11,-53,28
12,-53,29
13,-53,29
13,-53,28
13,-53,28
13,-53,28
14,-53,28
14,-53,29
14,-53,29
12,-52,29
11,-53,29
11,-53,29
10,-53,28
10,-53,30
10,-52,30
9,-52,30
10,-52,30
10,-52,30
12,-52,31
13,-52,32
11,-52,32
11,-52,30
11,-53,30
10,-53,29
9,-53,28
10,-53,29
13,-52,31
15,-53,32
15,-53,32
11,-53,28
8,-53,24
7,-53,23
6,-54,25
8,-54,26
9,-53,28
11,-54,30
11,-54,30
10,-54,29
7,-54,29
7,-53,29
8,-52,30
8,-53,30
8,-53,29
9,-53,29
11,-53,31
12,-53,30
14,-52,28
13,-53,29
12,-52,29
11,-53,29
11,-53,29
12,-53,27
11,-52,32
12,-52,33
10,-52,32
6,-54,25
7,-54,25
10,-54,26
13,-53,28
14,-52,30
14,-52,30
15,-53,30
14,-53,28
12,-53,29
10,-52,29
10,-52,30
10,-53,31
11,-53,31
10,-53,30
7,-53,28
8,-53,27
10,-53,29
9,-53,30
10,-52,32
9,-52,31
9,-52,30
9,-53,26
11,-52,26
9,-53,28
6,-53,34
8,-52,34
10,-52,30
9,-53,32
13,-52,30
12,-52,30
13,-51,31
13,-51,30
12,-52,30
11,-52,31
10,-52,30
12,-51,31
13,-52,31
13,-52,31
13,-51,31
12,-51,31
12,-52,31
13,-52,31
11,-51,30
12,-52,30
12,-51,31
12,-52,31
12,-51,31
12,-51,31
13,-51,30
13,-51,30
14,-51,30
15,-51,30
15,-51,30
15,-51,31
14,-51,31
13,-51,31
13,-51,31
13,-51,31
12,-51,31
13,-51,31
13,-51,31
12,-51,31
12,-51,31
14,-51,31
15,-51,30
16,-51,30
17,-51,30
17,-51,31
16,-51,31
12,-51,32
11,-50,32
9,-51,31
12,-51,31
13,-51,31
14,-51,31
14,-51,30
13,-51,30
12,-51,30
13,-51,30
14,-51,31
13,-51,32
11,-51,32
12,-51,33
14,-50,32
18,-50,30
19,-50,30
15,-50,31
14,-51,31
11,-51,30
11,-51,30
13,-51,30
19,-50,29
21,-51,31
19,-51,31
18,-50,26
15,-51,30
14,-51,31
14,-51,29
13,-51,33
17,-51,31
18,-50,29
17,-50,30
16,-51,28
15,-51,27
14,-51,29
11,-51,35
16,-51,33
16,-50,33
16,-51,34
16,-50,32
15,-50,29
15,-51,27
13,-51,29
12,-51,30
12,-51,31
14,-51,32
14,-50,32
14,-51,31
14,-51,32
15,-50,31
14,-51,31
14,-51,31
12,-51,30
12,-52,31
14,-51,31
15,-51,33
14,-50,33
12,-50,30
10,-51,31
9,-51,31
10,-51,29
13,-51,28
15,-51,30
15,-51,34
14,-51,33
14,-51,35
15,-51,33
15,-50,30
15,-51,30
11,-52,29
7,-52,28
3,-52,31
5,-52,31
6,-52,32
10,-51,33
10,-51,32
11,-51,33
13,-51,32
14,-51,31
13,-51,30
14,-50,28
16,-50,26
16,-50,26
12,-49,33
8,-50,36
1,-49,35
-1,-48,36
-1,-47,39
3,-47,39
11,-46,37
12,-46,42
18,-45,52
13,-44,45
9,-43,42
-2,-44,41
-5,-45,47
-6,-46,45
-2,-45,45
-1,-45,44
3,-44,43
7,-43,41
7,-44,41
5,-45,40
3,-45,40
3,-45,39
7,-45,39
9,-45,39
9,-45,40
5,-45,38
5,-45,36
8,-44,38
9,-43,47
7,-43,49
2,-43,50
2,-43,45
3,-44,42
6,-44,42
7,-44,44
7,-44,43
4,-44,41
5,-44,41
5,-44,42
4,-44,43
3,-44,43
4,-44,42
5,-44,43
5,-44,44
6,-44,42
6,-44,40
4,-45,40
2,-44,40
3,-45,43
3,-45,44
4,-44,43
3,-44,41
3,-45,41
2,-45,40
4,-45,41
3,-45,40
3,-45,39
3,-45,41
3,-45,43
4,-44,47
1,-45,45
3,-44,43
1,-45,42
1,-46,41
1,-45,42
0,-45,41
-2,-45,40
1,-44,43
1,-44,42
-1,-45,40
0,-45,42
-1,-45,41
0,-45,39
2,-45,43
3,-44,45
0,-44,46
0,-44,46
0,-44,47
0,-44,46
-1,-44,42
0,-44,41
0,-45,39
0,-45,39
0,-45,40
1,-44,41
0,-44,43
-1,-44,45
0,-44,44
0,-44,43
-1,-44,38
1,-44,34
0,-44,36
2,-44,39
1,-44,42
1,-42,51
-1,-41,65
-3,-42,68
3,-42,64
5,-44,51
4,-46,45
4,-48,40
8,-48,38
17,-44,33
0,-53,14
-1,-54,-2
-3,-55,-8
13,-59,-4
35,-43,41
0,-82,-20
13,-49,16
7,-56,16
-12,-52,26
-6,-57,38
-8,-54,36
-5,-56,47
-3,-54,47
6,-53,39
15,-56,23
6,-55,16
-3,-56,15
-6,-56,22
-3,-56,26
-2,-56,26
2,-56,29
3,-55,28
9,-54,27
15,-53,28
12,-53,28
13,-54,30
13,-54,27
13,-54,27
14,-54,25
14,-54,25
14,-54,26
15,-54,25
13,-54,22
10,-55,20
11,-55,21
13,-55,21
16,-54,23
17,-53,24
17,-53,26
23,-51,29
19,-51,32
19,-53,30
14,-55,24
15,-53,26
15,-53,26
15,-53,26
16,-53,27
14,-53,28
13,-53,28
13,-53,27
18,-53,25
16,-54,24
14,-54,24
14,-53,25
15,-52,27
16,-52,30
10,-51,26
12,-53,30
12,-54,29
9,-53,26
8,-53,26
7,-53,26
13,-51,27
16,-51,28
17,-52,33
13,-52,32
13,-52,31
13,-52,29
13,-52,27
14,-51,27
18,-52,28
22,-51,32
19,-50,33
3,-54,32
4,-53,32
3,-53,30
13,-53,35
10,-51,31
8,-53,28
7,-53,29
9,-53,28
7,-53,25
9,-53,28
8,-53,29
8,-53,30
8,-53,27
8,-53,26
5,-54,29
5,-54,30
7,-54,32
3,-53,28
6,-54,29
4,-54,27
4,-54,24
2,-52,22
6,-55,26
7,-55,28
8,-53,28
8,-54,29
10,-54,29
11,-54,29
9,-54,32
9,-54,32
9,-53,33
7,-53,29
8,-53,26
9,-53,26
4,-54,21
16,-54,35
2,-52,27
9,-54,30
7,-53,30
7,-53,30
8,-53,29
8,-53,29
10,-59,29
32,-50,47
8,-55,25
4,-56,22
7,-54,25
5,-54,31
13,-52,34
14,-52,34
12,-53,33
8,-53,29
8,-53,28
9,-54,27
5,-54,20
11,-53,31
10,-53,30
10,-53,28
10,-54,30
9,-54,28
9,-54,27
6,-53,26
10,-54,31
10,-53,31
11,-53,29
9,-54,32
6,-53,29
11,-53,29
9,-54,29
8,-54,29
6,-53,28
8,-54,30
9,-54,30
7,-53,30
8,-53,29
7,-54,29
10,-53,30
9,-53,29
9,-53,29
9,-51,29
10,-55,28
10,-53,28
12,-53,29
11,-53,29
10,-53,28
12,-52,27
10,-53,26
5,-54,25
11,-53,27
17,-53,29
16,-52,29
16,-52,30
14,-52,30
15,-52,29
14,-52,28
11,-53,26
9,-54,26
11,-53,29
13,-53,30
11,-53,29
12,-53,29
11,-53,29
11,-53,28
10,-53,27
10,-54,27
10,-53,28
13,-52,33
2,-52,27
12,-53,29
10,-54,29
9,-54,28
5,-53,26
11,-53,31
9,-53,29
8,-54,29
10,-53,28
10,-53,29
10,-53,28
10,-53,28
9,-54,28
10,-53,28
11,-53,28
11,-53,27
10,-53,27
10,-54,28
11,-53,30
9,-53,30
9,-53,30
8,-53,28
8,-53,27
8,-54,27
10,-53,29
10,-53,28
11,-54,30
7,-53,29
9,-54,28
9,-53,29
9,-53,29
9,-53,28
11,-53,28
10,-53,27
10,-53,28
10,-53,29
10,-53,29
10,-53,29
9,-53,29
10,-53,28
10,-53,28
9,-54,29
10,-53,29
10,-53,29
10,-53,28
10,-54,29
10,-54,29
9,-53,28
9,-53,28
9,-53,28
10,-53,29
10,-53,28
10,-53,28
10,-53,29
10,-53,29
10,-53,29
9,-53,29
9,-53,29
10,-53,29
10,-53,29
10,-53,30
9,-53,28
9,-53,29
10,-53,29
10,-53,29
10,-53,29
10,-53,29
8,-53,28
10,-53,29
10,-53,29
10,-53,29
10,-53,29
10,-53,29
11,-53,29
10,-53,28
10,-53,28
10,-53,28
8,-53,29
10,-53,30
10,-53,29
10,-54,28
8,-53,29
9,-53,29
9,-52,29
10,-54,28
9,-54,28
9,-53,29
8,-53,29
9,-53,29
9,-53,29
10,-53,29
9,-53,29
9,-53,29
9,-53,29
10,-53,29
10,-53,29
9,-54,29
9,-53,29
9,-53,29
8,-54,28
5,-54,27
6,-53,28
8,-54,29
9,-54,29
10,-54,29
9,-54,29
9,-53,29
9,-53,29
8,-54,28
8,-54,28
9,-54,28
9,-53,29
8,-53,29
8,-54,29
9,-53,29
10,-53,29
11,-53,29
10,-53,29
10,-53,29
9,-53,28
8,-53,27
8,-53,28
9,-53,30
9,-53,29
12,-53,29
13,-53,29
12,-53,29
9,-54,27
8,-53,27
8,-53,28
9,-53,30
10,-53,29
10,-53,29
10,-53,28
10,-53,28
10,-53,28
8,-53,28
8,-54,28
9,-53,28
10,-53,29
11,-53,29
10,-53,28
9,-53,28
10,-53,28
11,-53,28
12,-53,28
12,-53,29
12,-53,29
11,-53,28
10,-53,28
9,-54,28
23,-48,40
11,-53,29
10,-53,28
10,-53,29
9,-54,28
9,-53,28
8,-54,28
6,-54,28
8,-53,29
10,-53,29
9,-53,29
8,-54,28
8,-54,27
8,-53,28
7,-54,28
9,-53,29
9,-53,30
9,-53,30
8,-54,28
5,-54,27
6,-54,27
10,-55,30
10,-53,29
10,-53,29
9,-54,29
8,-54,28
10,-54,28
9,-53,28
10,-53,29
9,-53,28
9,-53,28
9,-53,28
9,-53,29
9,-53,29
10,-53,29
9,-53,29
9,-54,29
10,-53,29
9,-53,29
10,-53,29
9,-53,29
9,-53,29
9,-53,29
9,-53,29
9,-53,29
9,-53,28
9,-53,29
9,-53,28
10,-53,28
9,-53,27
9,-53,28
10,-54,28
10,-53,29
11,-53,29
10,-53,30
9,-53,29
10,-53,29
10,-53,29
10,-53,28
9,-53,28
10,-53,29
10,-53,29
10,-53,29
10,-53,30
10,-53,30
10,-53,30
9,-53,29
9,-53,29
10,-53,29
10,-53,29
10,-53,29
10,-53,29
9,-53,29
10,-53,29
10,-53,29
10,-53,29
10,-53,29
10,-53,29
10,-53,29
11,-53,29
11,-53,30
11,-53,30
9,-53,29
10,-53,29
11,-53,29
11,-53,29
10,-53,29
10,-53,29
9,-53,29
9,-53,29
10,-53,29
10,-53,29
10,-53,29
9,-53,29
10,-53,29
11,-53,29
10,-53,29
10,-53,29
10,-53,29
10,-53,29
10,-53,29
10,-53,29
11,-53,29
10,-53,29
10,-53,29
11,-53,29
11,-53,29
10,-53,29
10,-53,29
10,-53,29
10,-53,29
10,-53,29
10,-53,29
11,-53,30
11,-53,29
10,-53,29
11,-53,29
10,-53,28
10,-53,28
11,-53,29
12,-53,30
11,-53,29
9,-53,28
9,-53,27
11,-53,28
13,-53,30
12,-53,29
11,-53,29
10,-53,29
11,-53,28
12,-53,29
11,-53,29
11,-53,29
12,-53,29
12,-53,29
11,-53,29
12,-53,29
12,-53,29
10,-53,28
8,-54,27
9,-53,27
11,-53,28
12,-53,30
10,-53,29
10,-53,28
12,-53,29
13,-53,30
10,-53,29
10,-53,28
10,-53,27
12,-53,29
12,-53,29
10,-53,28
10,-53,28
11,-53,28
11,-53,29
10,-53,29
10,-53,29
11,-53,28
12,-53,29
11,-53,29
11,-53,29
11,-53,28
11,-53,29
11,-53,29
11,-53,28
10,-54,28
10,-53,28
10,-53,28
10,-53,28
12,-53,29
13,-53,30
13,-53,29
11,-53,27
9,-53,27
10,-53,28
10,-53,28
11,-53,29
11,-53,28
12,-53,29
12,-53,29
11,-53,29
11,-53,29
9,-53,28
10,-53,28
10,-53,29
11,-53,29
12,-53,29
12,-53,29
11,-53,29
11,-53,28
11,-53,29
11,-53,29
11,-53,29
10,-53,28
10,-53,28
10,-53,29
9,-53,28
10,-53,28
11,-53,28
12,-53,29
11,-53,29
11,-53,28
11,-53,28
11,-53,29
10,-53,29
9,-53,28
10,-53,28
11,-53,28
11,-53,28
10,-53,28
9,-53,28
11,-53,29
11,-53,29
11,-53,29
11,-53,29
11,-53,29
11,-53,28
11,-53,28
9,-53,28
10,-53,28
12,-53,29
11,-53,30
9,-54,28
8,-54,27
8,-54,26
10,-53,27
11,-53,29
13,-53,29
10,-53,28
9,-54,28
10,-53,28
11,-53,28
12,-53,29
10,-53,28
10,-53,28
11,-53,28
11,-53,28
11,-53,29
11,-53,28
11,-53,27
11,-53,27
9,-54,28
10,-53,28
11,-53,28
12,-53,29
12,-53,28
12,-53,28
11,-53,28
12,-53,29
12,-54,30
11,-53,31
11,-53,31
8,-52,30
6,-50,28
13,-54,28
11,-53,28
10,-52,28
10,-53,29
11,-52,27
11,-53,29
12,-52,29
11,-52,28
11,-53,27
11,-51,26
9,-54,32
10,-53,29
10,-53,29
13,-53,30
13,-53,30
13,-53,29
13,-53,29
11,-53,28
11,-53,28
11,-53,27
11,-53,29
11,-52,29
12,-52,31
12,-52,30
10,-53,29
8,-53,28
9,-53,28
8,-53,27
10,-54,29
10,-53,28
9,-54,28
9,-54,29
10,-53,28
9,-53,28
10,-54,29
9,-54,29
11,-54,29
9,-53,28
8,-54,27
8,-54,28
10,-54,28
9,-54,28
9,-54,28
9,-54,29
9,-54,28
9,-54,28
9,-54,28
9,-54,28
8,-54,28
9,-54,28
9,-54,28
9,-54,28
9,-54,28
9,-54,28
9,-54,28
9,-54,28
8,-54,28
9,-55,29
12,-55,29
11,-54,28
5,-56,23
10,-55,25
8,-54,27
7,-55,28
1,-57,26
8,-52,26
19,-52,32
14,-52,31
9,-53,31
5,-56,26
8,-55,26
10,-53,30
12,-54,30
9,-53,32
6,-53,30
5,-53,30
5,-54,26
9,-53,28
9,-54,27
10,-53,29
9,-53,29
9,-53,30
7,-53,32
8,-53,30
8,-53,30
7,-53,30
8,-53,30
11,-53,27
8,-53,27
7,-55,27
8,-54,30
8,-53,30
8,-53,29
9,-53,28
8,-54,26
7,-54,27
7,-53,29
8,-54,29
14,-54,29
15,-54,26
15,-54,25
13,-54,25
10,-56,24
10,-55,24
9,-55,24
9,-55,24
10,-55,24
12,-54,21
6,-57,18
13,-55,19
16,-55,24
14,-54,26
17,-53,30
18,-54,29
16,-54,26
12,-56,19
7,-57,20
9,-54,24
10,-57,27
10,-54,32
13,-52,30
15,-54,29
13,-54,26
12,-54,25
10,-55,25
9,-55,25
7,-55,26
6,-55,27
6,-55,28
8,-54,26
9,-54,25
9,-55,25
9,-55,25
8,-54,26
6,-54,26
7,-54,29
8,-54,30
7,-54,30
6,-53,34
4,-54,31
6,-54,26
11,-55,22
8,-56,22
9,-54,28
16,-54,34
16,-52,33
7,-54,28
5,-56,23
0,-56,20
1,-57,19
1,-56,21
4,-55,24
8,-55,26
8,-55,26
9,-55,26
12,-54,28
14,-54,28
10,-54,30
10,-54,28
11,-55,25
8,-55,21
4,-56,22
3,-56,22
9,-54,25
11,-54,26
15,-53,28
14,-54,29
13,-53,29
9,-55,23
15,-55,21
11,-55,24
9,-54,26
14,-54,26
14,-54,26
11,-54,27
11,-54,27
12,-54,28
11,-54,29
12,-54,28
10,-55,23
9,-56,22
10,-55,21
11,-54,26
14,-54,29
12,-54,29
16,-54,27
14,-54,25
12,-55,24
12,-55,24
11,-55,23
11,-54,22
14,-56,25
12,-55,24
13,-54,25
11,-55,24
13,-55,24
16,-55,22
15,-55,23
14,-55,23
14,-55,24
15,-55,24
15,-55,23
13,-55,23
13,-55,23
13,-56,21
9,-54,24
13,-55,26
16,-54,26
14,-54,26
14,-54,25
14,-55,24
12,-55,22
13,-55,21
10,-54,24
7,-60,18
3,-49,24
18,-54,27
11,-54,28
11,-54,29
10,-54,27
10,-54,27
9,-54,26
9,-54,26
8,-55,26
11,-54,26
8,-54,27
9,-54,27
8,-55,27
7,-54,28
8,-56,26
7,-55,25
7,-55,25
7,-55,25
7,-55,25
7,-54,26
9,-55,27
10,-54,26
11,-54,27
13,-55,28
10,-54,26
9,-55,25
5,-55,22
7,-56,24
5,-56,24
8,-55,24
12,-55,25
13,-55,25
13,-54,26
12,-54,26
11,-55,25
10,-55,25
10,-54,25
11,-55,25
10,-54,24
10,-55,24
5,-53,27
9,-54,26
11,-54,28
10,-54,26
11,-55,26
9,-55,25
11,-55,25
11,-54,26
9,-55,25
6,-56,25
3,-55,23
10,-56,23
10,-55,30
8,-54,29
9,-55,27
9,-55,29
8,-54,26
9,-53,25
10,-54,23
10,-55,23
5,-56,24
4,-55,24
9,-55,28
11,-54,29
10,-54,27
8,-55,26
6,-55,25
8,-55,26
10,-55,28
8,-54,28
10,-55,26
6,-55,23
9,-55,24
10,-54,27
8,-54,29
10,-54,30
11,-55,27
9,-55,24
11,-54,24
9,-55,23
8,-55,24
8,-55,25
12,-54,28
10,-54,27
7,-55,24
7,-55,24
8,-55,25
10,-54,28
10,-54,27
10,-54,26
9,-55,26
9,-54,26
8,-55,26
7,-55,25
6,-54,27
9,-54,28
15,-54,26
14,-54,25
11,-55,25
8,-55,25
7,-55,25
7,-55,25
9,-55,27
10,-54,26
11,-55,26
9,-54,26
9,-55,27
8,-55,27
9,-54,27
10,-54,26
9,-55,25
7,-55,24
7,-55,24
9,-55,26
10,-54,27
11,-54,25
9,-55,25
9,-55,25
9,-55,25
8,-54,26
9,-54,26
9,-54,25
11,-55,27
9,-54,25
11,-55,28
9,-54,26
7,-54,26
6,-55,26
8,-55,26
12,-54,27
11,-55,26
9,-55,26
8,-55,26
6,-55,26
7,-55,26
8,-54,27
11,-54,27
9,-55,25
9,-55,24
9,-55,24
11,-55,27
12,-54,26
10,-54,27
6,-55,25
7,-55,25
9,-55,26
13,-54,27
11,-55,26
9,-55,25
8,-55,25
10,-55,25
9,-55,25
9,-54,27
9,-55,28
7,-54,28
11,-55,27
10,-54,26
10,-54,26
8,-55,24
8,-55,24
7,-55,25
7,-55,26
9,-55,27
11,-54,26
8,-55,25
8,-55,25
8,-55,26
8,-55,26
9,-55,27
10,-55,26
10,-55,26
9,-55,25
10,-55,24
7,-54,23
11,-55,23
14,-56,21
13,-55,22
14,-54,23
14,-54,24
12,-55,27
10,-55,26
12,-55,26
13,-55,27
10,-54,27
8,-54,26
7,-54,23
9,-54,23
11,-54,23
12,-54,23
9,-55,18
5,-57,18
16,-53,34
14,-61,28
14,-55,28
10,-55,26
12,-55,26
9,-55,25
4,-55,25
2,-55,25
2,-56,25
6,-56,25
6,-56,25
6,-56,24
6,-56,25
6,-56,26
7,-55,26
6,-55,27
5,-55,25
6,-55,26
7,-55,25
7,-55,25
6,-55,25
6,-55,26
6,-55,26
6,-55,27
6,-55,26
5,-55,26
6,-55,26
6,-55,26
6,-55,26
6,-55,26
6,-55,26
6,-55,26
6,-55,26
6,-55,26
6,-55,26
6,-55,26
6,-55,26
6,-55,26
6,-55,26
6,-55,26
6,-55,26
6,-55,26
6,-55,26
6,-55,26
6,-55,26
6,-55,26
6,-55,26
6,-55,26
6,-55,26
6,-55,26
6,-55,26
6,-55,26
6,-55,26
6,-55,26
7,-55,26
6,-55,26
7,-55,26
6,-55,26
6,-55,26
6,-55,26
6,-55,26
6,-55,26
6,-55,26
6,-55,26
6,-55,26
6,-55,26
7,-55,26
6,-55,25
6,-55,26
6,-55,26
6,-55,26
6,-55,26
6,-55,26
7,-55,26
6,-55,26
6,-55,26
6,-55,26
6,-55,26
6,-55,26
5,-55,25
6,-55,25
6,-56,25
6,-56,25
6,-55,25
6,-55,25
6,-55,25
6,-55,26
6,-55,26
6,-55,26
6,-55,26
6,-55,26
6,-55,26
6,-55,26
6,-55,25
6,-56,25
7,-55,25
7,-55,25
7,-55,25
6,-55,25
6,-55,25
6,-55,25
6,-55,25
6,-55,25
6,-55,25
6,-55,25
6,-55,25
6,-55,26
6,-55,25
6,-55,26
6,-55,25
6,-55,26
6,-55,26
6,-55,25
6,-55,25
6,-55,25
6,-55,25
6,-55,26
6,-55,26
6,-55,25
6,-55,25
6,-55,25
6,-55,25
7,-55,26
7,-55,26
6,-55,25
6,-55,25
6,-55,26
7,-55,26
7,-55,25
6,-55,26
6,-55,26
7,-55,25
6,-55,26
6,-56,25
7,-55,25
6,-55,25
6,-55,25
6,-55,26
6,-55,26
6,-55,26
6,-55,25
6,-55,26
6,-55,26
7,-55,26
6,-55,25
6,-55,25
6,-55,25
6,-55,25
6,-55,25
6,-55,25
6,-55,25
6,-55,26
6,-55,25
7,-55,25
6,-55,25
6,-55,25
7,-55,25
6,-55,26
6,-55,25
6,-55,25
6,-55,26
6,-55,25
6,-55,25
6,-55,25
6,-55,25
6,-55,25
6,-55,25
6,-55,25
6,-55,25
6,-55,25
6,-55,25
6,-55,25
6,-55,25
6,-55,25
6,-55,25
6,-55,25
6,-55,25
6,-55,26
6,-55,25
6,-55,26
6,-56,26
6,-55,25
4,-55,28
2,-55,31
0,-54,27
24,-54,34
15,-57,24
16,-55,14
13,-58,10
11,-59,10
6,-58,11
9,-56,17
9,-56,25
20,-55,23
21,-55,20
18,-57,13
16,-56,12
14,-56,14
14,-55,14
7,-54,10
13,-54,22
8,-51,30
18,-49,32
19,-50,34
17,-51,41
15,-51,43
15,-46,51
1,-52,42
17,-48,29
11,-51,26
11,-52,27
14,-51,35
15,-50,37
14,-48,42
9,-52,39
-3,-52,29
-2,-52,29
-1,-52,30
-2,-52,22
4,-51,24
7,-50,31
11,-51,36
9,-51,38
5,-50,40
12,-49,43
9,-50,39
5,-50,33
0,-51,31
1,-51,31
4,-50,34
4,-50,35
4,-50,36
4,-50,37
5,-50,36
5,-50,34
2,-51,34
2,-51,34
3,-51,34
4,-51,34
4,-50,36
7,-51,33
8,-51,31
4,-51,31
2,-50,34
0,-50,38
1,-50,37
2,-50,34
0,-51,34
2,-50,37
5,-49,38
6,-49,38
4,-49,37
5,-49,35
6,-49,35
5,-50,35
6,-50,32
7,-50,32
5,-50,31
5,-50,31
2,-48,34
-1,-50,41
-4,-49,38
0,-43,36
-4,-46,42
-2,-46,43
-1,-46,46
3,-45,45
3,-46,43
2,-46,41
-1,-45,44
-3,-44,44
-1,-44,48
2,-44,48
4,-44,47
2,-43,41
-3,-45,36
-3,-46,31
2,-46,37
5,-46,41
9,-43,47
9,-43,49
8,-43,48
4,-44,42
2,-45,41
2,-45,41
2,-44,37
3,-44,37
1,-44,42
1,-43,45
2,-42,46
3,-42,48
4,-42,49
5,-42,49
6,-42,48
3,-42,42
3,-43,41
3,-43,43
3,-43,43
4,-43,44
7,-44,40
1,-43,45
3,-44,43
3,-44,38
2,-44,39
3,-44,42
3,-43,45
4,-43,44
3,-43,45
2,-43,45
2,-43,44
1,-42,42
4,-44,47
3,-43,45
5,-44,45
3,-44,44
3,-45,41
2,-46,40
0,-43,39
0,-43,41
0,-43,40
0,-43,41
1,-43,45
1,-44,46
2,-44,45
2,-42,45
2,-42,45
2,-42,47
3,-42,48
3,-42,47
3,-42,47
3,-42,45
3,-42,43
0,-43,42
-2,-43,42
-1,-42,39
-4,-44,38
5,-42,54
7,-41,58
5,-40,48
1,-43,40
-2,-44,38
-1,-42,40
0,-43,44
4,-41,49
2,-41,47
4,-41,45
4,-43,44
2,-42,43
1,-42,44
1,-42,45
3,-42,46
3,-42,45
1,-42,44
2,-42,45
2,-42,46
4,-42,48
4,-41,47
3,-41,44
3,-43,40
1,-43,40
0,-43,43
0,-42,46
0,-42,46
1,-42,44
0,-43,43
2,-42,43
4,-43,45
4,-43,47
6,-42,49
4,-42,45
3,-43,44
0,-43,41
1,-44,39
1,-44,39
3,-44,41
3,-43,42
4,-43,43
4,-43,44
2,-43,44
3,-42,43
3,-42,43
2,-42,45
6,-41,51
4,-40,51
3,-41,52
4,-41,46
3,-42,43
2,-42,41
0,-43,42
2,-42,43
1,-42,44
2,-42,45
5,-42,44
6,-41,45
7,-42,46
5,-42,44
4,-42,45
3,-41,44
2,-42,43
4,-42,45
4,-42,46
4,-42,45
3,-42,44
3,-42,45
3,-42,46
4,-41,46
3,-42,44
4,-42,44
4,-42,44
4,-42,45
3,-42,45
4,-42,45
4,-42,45
4,-42,44
4,-42,45
4,-42,45
4,-42,45
4,-42,45
5,-42,45
4,-42,44
4,-41,44
5,-43,45
5,-42,45
5,-42,44
4,-42,44
4,-42,45
4,-42,44
4,-42,45
5,-41,44
5,-41,44
5,-42,45
4,-42,45
4,-42,45
4,-42,44
5,-42,44
5,-42,45
5,-42,44
5,-42,45
4,-40,45
6,-42,46
5,-43,45
5,-42,45
6,-42,45
6,-41,45
5,-41,45
5,-42,44
6,-41,44
6,-42,42
6,-41,42
3,-42,46
1,-40,47
1,-41,48
3,-41,47
3,-41,46
4,-41,46
3,-41,46
3,-41,45
3,-41,45
5,-41,45
4,-41,46
4,-41,46
2,-41,46
2,-41,47
3,-41,47
3,-41,45
3,-41,45
3,-40,46
3,-41,45
4,-41,45
4,-41,45
5,-40,45
5,-40,46
1,-40,48
0,-40,48
1,-40,48
2,-40,47
3,-40,47
3,-40,47
3,-40,46
3,-40,45
3,-40,46
3,-40,46
3,-40,46
3,-40,46
3,-40,47
3,-40,47
3,-40,47
4,-40,46
4,-40,46
2,-40,47
1,-40,48
2,-40,48
2,-40,46
3,-40,46
3,-40,45
2,-40,45
2,-40,45
2,-40,46
3,-40,47
3,-40,47
3,-40,47
3,-40,47
4,-39,47
3,-40,47
2,-40,47
3,-40,47
3,-40,46
3,-40,46
2,-40,46
3,-40,47
3,-40,47
3,-40,47
3,-40,46
3,-40,46
3,-40,47
3,-40,46
3,-40,46
3,-40,47
3,-40,46
2,-40,47
3,-39,47
3,-40,47
2,-40,47
2,-40,47
3,-40,47
3,-40,47
2,-40,48
2,-40,48
2,-39,47
3,-40,47
3,-40,47
4,-40,46
4,-40,46
2,-40,47
2,-39,47
2,-39,49
1,-39,48
2,-39,47
3,-39,47
2,-40,48
2,-39,47
2,-40,46
2,-40,46
3,-40,45
4,-40,45
3,-40,46
3,-40,46
3,-39,47
3,-40,47
3,-40,47
3,-40,47
3,-40,46
3,-40,46
3,-40,46
3,-40,46
3,-40,46
3,-40,46
3,-40,47
3,-40,47
3,-40,47
3,-40,47
3,-40,47
3,-40,47
3,-40,47
3,-40,46
3,-40,47
3,-40,46
3,-40,47
3,-40,47
3,-40,47
3,-40,47
3,-40,47
3,-40,47
3,-40,46
3,-40,47
3,-40,47
3,-40,47
3,-40,46
3,-40,47
3,-40,47
3,-40,47
4,-40,47
6,-39,50
9,-40,50
6,-39,50
6,-36,55
1,-38,59
-8,-40,65
-6,-40,67
4,-39,63
30,-34,55
29,-38,48
13,-40,33
0,-45,19
-4,-47,11
-1,-53,-4
5,-57,-17
9,-59,-21
23,-61,-17
25,-61,-12
26,-61,-4
16,-60,3
13,-60,2
4,-61,1
-6,-60,2
-5,-60,1
-8,-62,-4
-18,-62,-12
-18,-60,-7
-11,-59,6
-11,-58,10
-15,-57,20
-19,-58,17
-23,-58,16
-21,-57,12
-17,-60,8
-18,-60,6
-9,-59,8
-12,-62,2
-12,-61,3
-7,-61,9
-8,-61,9
-9,-61,7
-4,-60,11
-4,-60,13
-8,-60,12
-12,-60,8
-14,-60,8
-16,-60,6
-15,-59,13
-13,-59,14
-13,-59,12
-14,-59,9
-14,-60,8
-14,-60,8
-13,-60,4
-12,-61,2
-5,-61,2
-1,-62,3
1,-62,4
-2,-62,4
-4,-61,3
-7,-61,4
-9,-61,5
-9,-61,5
-11,-61,4
-10,-61,4
-9,-61,3
-7,-61,2
-11,-61,4
-12,-60,7
-13,-60,8
-13,-60,8
-12,-60,8
-14,-60,10
-14,-60,12
-9,-60,12
-8,-60,10
-10,-60,10
-12,-60,8
-10,-60,9
-9,-61,9
-8,-61,8
-8,-61,7
-7,-61,6
-5,-61,6
-6,-61,7
-10,-60,7
-9,-61,7
-10,-61,7
-8,-61,7
-3,-61,7
-6,-61,7
-6,-62,9
-7,-59,12
-11,-60,11
-11,-60,9
-9,-60,7
-8,-61,8
-7,-61,7
-7,-61,7
-8,-60,8
-7,-61,9
-7,-61,9
-7,-61,8
-6,-61,5
-7,-61,4
-9,-61,3
-8,-61,5
-8,-61,6
-8,-61,7
-9,-61,6
-8,-61,7
-7,-61,6
-7,-61,7
-7,-61,7
-8,-61,7
-8,-61,7
-8,-61,6
-8,-61,6
-7,-61,6
-7,-61,7
-7,-61,6
-7,-61,6
-7,-61,6
-6,-61,6
-5,-61,6
-5,-61,4
-6,-62,4
-7,-61,5
-9,-61,6
-10,-61,7
-10,-61,9
-10,-60,9
-9,-61,9
-8,-61,8
-8,-61,7
-7,-61,7
-7,-61,6
-8,-61,6
-8,-61,7
-8,-61,7
-8,-61,7
-8,-61,8
-8,-61,7
-8,-61,6
-8,-61,6
-8,-61,6
-8,-61,7
-8,-61,6
-8,-61,7
-8,-61,7
-8,-61,7
-9,-61,8
-9,-61,7
-8,-61,7
-8,-61,7
-7,-61,7
-7,-61,7
-7,-61,7
-8,-61,7
-7,-61,7
-7,-61,7
-7,-61,7
-9,-61,6
-9,-61,6
-9,-61,7
-8,-61,7
-8,-61,7
-7,-61,7
-8,-61,6
-8,-61,7
-8,-61,6
-8,-61,6
-7,-61,7
-8,-61,7
-8,-61,6
-8,-61,6
-7,-61,6
-8,-61,6
-8,-61,7
-8,-61,7
-8,-61,6
-8,-61,7
-8,-61,7
-8,-61,7
-9,-61,7
-9,-61,7
-8,-61,7
-8,-61,6
-8,-61,7
-8,-61,7
-8,-61,7
-8,-61,7
-8,-61,7
-8,-61,7
-8,-61,7
-9,-61,7
-8,-61,7
-8,-61,7
-8,-61,6
-8,-61,6
-8,-61,7
-8,-61,7
-8,-61,7
-8,-61,7
-8,-61,7
-8,-61,7
-8,-61,7
-8,-61,7
-8,-61,7
-8,-61,7
-8,-61,7
-8,-61,7
-8,-61,7
-8,-61,7
-8,-61,7
-8,-61,7
-8,-61,7
-8,-61,7
-8,-61,8
-9,-61,7
-9,-61,7
-8,-61,7
-8,-61,7
-8,-61,7
-8,-61,7
-8,-61,7
-8,-61,7
-8,-61,7
-8,-61,7
-9,-61,7
-8,-61,7
-8,-61,7
-8,-61,7
-8,-61,7
-8,-61,7
-9,-61,6
-7,-61,6
-7,-61,7
-8,-61,7
-8,-61,7
-9,-61,8
-9,-61,7
-8,-61,7
-8,-61,7
-8,-61,7
-8,-61,7
-8,-61,7
-8,-61,7
-8,-61,7
-8,-61,7
-9,-61,7
-9,-61,7
-9,-61,7
-8,-61,6
-7,-61,7
-8,-61,6
-8,-61,7
-8,-61,7
-8,-61,7
-8,-61,7
-8,-61,7
-8,-61,7
-8,-61,7
-8,-61,7
-8,-61,7
-8,-61,7
-8,-61,7
-8,-61,7
-8,-61,7
-8,-61,7
-9,-60,8
-12,-59,11
-18,-59,9
-14,-59,10
-10,-60,10
-5,-63,0
14,-67,0
13,-64,4
1,-61,6
-19,-59,5
-16,-59,7
-10,-60,11
-13,-59,10
-15,-59,10
-10,-61,8
-10,-61,6
-8,-60,8
-9,-61,8
-11,-60,7
-9,-61,8
-8,-61,9
-11,-60,8
-13,-60,8
-13,-60,8
-11,-60,10
-11,-60,10
-13,-60,7
-16,-60,6
-14,-60,10
-10,-60,12
-12,-59,11
-13,-60,9
-9,-60,11
-4,-61,10
-7,-61,5
-8,-61,4
-10,-61,6
-8,-61,8
-9,-60,9
-9,-60,8
-10,-61,7
-10,-61,6
-10,-60,7
-8,-60,10
-7,-61,11
-6,-60,12
-8,-60,11
-7,-60,12
-7,-61,10
-7,-60,10
-8,-61,9
-8,-60,10
-8,-60,11
-8,-60,11
-9,-60,10
-9,-60,10
-9,-60,9
-10,-60,9
-12,-60,10
-3,-61,13
-10,-59,12
-11,-60,11
-9,-60,12
-9,-60,11
-8,-60,11
-8,-60,10
-8,-60,11
-8,-60,11
-8,-60,10
-7,-60,11
-7,-60,10
-8,-60,10
-8,-60,11
-8,-60,11
-8,-60,10
-8,-60,10
-7,-60,11
-8,-60,10
-8,-60,11
-7,-60,10
-8,-60,11
-7,-60,11
-8,-60,10
-8,-60,11
-8,-60,11
-8,-60,11
-7,-60,11
-7,-60,11
-7,-60,11
-7,-60,11
-8,-60,11
-7,-60,11
-8,-60,11
-7,-60,11
-7,-60,11
-8,-60,10
-7,-60,11
-7,-60,11
-7,-60,10
-7,-60,11
-7,-60,11
-7,-60,10
-7,-60,11
-7,-60,10
-7,-60,11
-7,-60,10
-7,-60,10
-7,-60,11
-7,-60,11
-7,-60,10
-7,-60,10
-7,-60,10
-7,-60,11
-7,-60,11
-7,-60,11
-7,-60,10
-7,-60,10
-7,-60,11
-7,-60,11
-7,-60,10
-7,-61,10
-7,-60,10
-7,-60,11
-7,-60,10
-7,-60,11
-7,-60,10
-7,-60,11
-7,-60,10
-7,-60,10
-7,-60,10
-7,-60,10
-7,-60,10
-7,-60,11
-8,-60,11
-8,-60,11
-7,-60,11
-7,-61,10
-7,-60,11
-7,-60,11
-7,-60,11
-7,-60,11
-7,-60,11
-7,-60,11
-8,-61,11
-7,-60,11
-7,-60,11
-7,-60,11
-7,-60,10
-8,-60,10
-7,-60,11
-7,-60,11
-7,-60,12
-6,-60,11
-7,-60,11
-7,-60,11
-7,-60,11
-7,-60,11
-7,-60,11
-7,-60,11
-7,-60,11
-7,-60,11
-7,-60,10
-7,-60,10
-6,-60,11
-7,-60,11
-7,-60,11
-7,-60,11
-7,-60,11
-7,-60,11
-7,-60,11
-7,-60,11
-7,-60,11
-7,-60,11
-7,-60,11
-7,-60,11
-7,-60,11
-7,-60,11
-7,-60,11
-7,-60,11
-7,-60,11
-7,-60,11
-8,-60,11
-6,-60,11
-7,-60,11
-6,-60,11
-7,-60,11
-6,-60,11
-7,-61,11
-7,-60,11
-7,-60,12
-7,-60,12
-6,-61,10
-6,-60,10
-5,-61,9
-5,-61,9
-5,-61,8
-5,-61,9
-5,-61,10
-7,-60,10
-7,-60,11
-6,-61,11
-7,-61,10
-5,-61,9
-5,-61,9
-7,-61,9
-6,-61,10
-6,-61,9
-7,-61,10
-6,-61,10
-6,-61,10
-6,-61,9
-6,-61,9
-6,-61,9
-6,-61,9
-6,-61,10
-6,-61,10
-7,-60,11
-7,-60,11
-7,-60,10
-7,-61,8
-6,-61,9
-5,-61,9
-5,-61,9
-6,-61,9
-6,-61,10
-7,-60,10
-6,-60,11
-6,-60,11
-6,-60,11
-6,-60,11
-7,-60,11
-6,-61,12
-7,-61,9
-7,-61,7
-4,-61,9
-3,-61,10
-4,-60,10
-7,-61,10
-6,-60,11
-7,-60,11
-7,-61,10
-7,-60,10
-7,-61,10
-7,-61,10
-7,-61,9
-8,-61,8
-9,-60,9
-7,-61,9
-2,-61,11
-3,-61,10
-3,-61,11
-6,-60,11
-6,-60,12
-7,-60,12
-6,-60,12
-6,-60,13
-7,-59,14
-7,-59,16
-7,-60,14
-5,-60,14
-5,-61,11
-6,-60,10
-5,-60,9
-6,-61,6
-5,-61,8
-6,-61,12
-7,-60,15
-8,-60,14
-4,-60,14
-5,-60,11
-4,-61,9
-1,-60,10
-1,-61,9
-1,-61,10
-4,-61,9
-6,-61,10
-6,-60,11
-9,-60,13
-9,-60,13
-6,-60,12
-3,-61,12
-3,-61,11
-4,-60,11
-5,-60,11
-5,-61,12
-6,-60,11
0,-60,11
0,-62,8
1,-61,10
-2,-61,11
-6,-61,11
-5,-60,11
-6,-60,11
-6,-61,12
-4,-60,12
-4,-60,11
-3,-61,12
-3,-60,13
-6,-60,12
-7,-60,11
-5,-61,10
-5,-60,10
-5,-60,11
-5,-60,11
-5,-60,12
-6,-60,11
-5,-60,12
-5,-60,12
-7,-60,11
-6,-60,12
-3,-61,11
-4,-61,7
-7,-61,6
-6,-61,9
-1,-60,12
-3,-61,11
-5,-60,12
-5,-60,12
-6,-60,11
-4,-61,11
-4,-61,11
-3,-60,12
-3,-60,11
-3,-60,11
-4,-61,10
-4,-61,10
-6,-61,10
-4,-61,12
-4,-60,13
-4,-59,15
-6,-60,14
-5,-59,15
-5,-60,15
-2,-60,16
-1,-60,18
-3,-60,16
-11,-60,8
-9,-61,7
-5,-60,8
-7,-61,7
-6,-60,9
-6,-60,11
-6,-60,13
-6,-60,13
-7,-60,13
-8,-60,13
-6,-60,13
-7,-60,11
-7,-60,11
-4,-61,11
-4,-60,13
-5,-60,14
-7,-59,15
-7,-60,15
-7,-60,14
-6,-60,14
-4,-60,12
-5,-61,10
-4,-60,12
-4,-60,12
-5,-60,13
-5,-60,13
-6,-60,13
-5,-60,13
-4,-60,12
-5,-60,12
-5,-60,13
-6,-60,12
-6,-60,12
-6,-60,12
-6,-60,12
-6,-60,11
-6,-60,11
-6,-61,10
-6,-60,11
-6,-60,12
-6,-60,13
-3,-60,14
-4,-60,15
-5,-60,14
-5,-60,13
-6,-60,11
-5,-61,11
-4,-60,14
-4,-60,15
-7,-59,16
-7,-59,15
-6,-59,15
-8,-59,12
-8,-58,15
-7,-59,17
0,-59,17
2,-61,10
1,-62,6
1,-62,5
-6,-62,-1
-10,-63,-3
-5,-62,-3
-4,-61,0
5,-61,8
9,-60,11
8,-60,11
14,-60,10
10,-60,7
12,-60,7
9,-60,4
13,-61,2
11,-61,1
7,-61,2
4,-61,2
5,-61,3
5,-61,5
5,-62,6
6,-61,7
2,-61,6
1,-61,7
2,-60,9
5,-60,9
9,-60,9
4,-61,6
9,-60,7
9,-61,6
7,-61,9
2,-60,7
1,-61,8
0,-60,11
0,-61,10
1,-60,9
6,-61,15
8,-60,14
4,-59,17
0,-59,18
-5,-58,16
-10,-59,15
-18,-59,12
-20,-59,7
-16,-60,3
-12,-58,6
-39,-57,-2
-6,-57,20
-5,-60,20
-17,-59,14
-22,-59,8
-27,-58,3
-12,-55,9
-19,-54,18
-31,-57,13
-37,-53,15
-31,-54,19
-30,-54,17
-21,-55,16
-19,-56,18
-27,-57,14
-36,-55,1
-33,-54,-1
3,-57,20
-3,-56,20
-3,-59,17
15,-56,36
-1,-57,23
-14,-54,20
-5,-54,22
1,-55,27
7,-60,29
12,-56,30
10,-57,23
4,-56,16
12,-56,20
15,-57,19
25,-54,15
28,-58,11
30,-56,17
20,-57,21
16,-57,20
15,-57,17
14,-58,17
13,-58,15
14,-58,12
7,-59,4
7,-59,3
9,-60,3
6,-60,0
9,-60,0
12,-60,0
13,-61,4
13,-61,5
12,-60,5
14,-60,7
14,-59,8
11,-60,8
10,-60,9
9,-60,9
7,-59,9
7,-60,9
9,-60,9
10,-60,10
9,-60,10
9,-60,9
10,-60,10
11,-60,9
12,-60,8
13,-60,8
12,-59,8
14,-60,12
7,-59,9
9,-60,9
11,-60,8
8,-60,8
12,-60,9
12,-60,9
13,-59,9
11,-60,10
9,-59,8
11,-59,10
9,-59,11
8,-60,12
7,-59,11
9,-59,10
8,-60,10
8,-60,10
9,-60,9
10,-60,10
8,-59,11
9,-60,13
8,-60,12
9,-60,9
11,-61,8
9,-60,9
10,-60,14
8,-60,13
9,-59,12
7,-59,12
7,-59,12
12,-60,10
9,-60,8
11,-60,11
9,-59,11
11,-60,11
10,-59,11
11,-60,11
13,-59,12
12,-59,12
11,-59,9
8,-59,9
10,-60,11
10,-60,11
11,-59,10
11,-59,9
12,-59,9
11,-59,10
11,-59,11
11,-60,11
12,-59,12
12,-60,13
6,-60,6
9,-60,5
13,-59,10
11,-59,10
10,-59,12
9,-59,14
11,-59,13
11,-59,14
10,-59,12
10,-59,11
12,-59,10
13,-59,10
13,-59,10
11,-59,9
11,-60,9
10,-60,9
11,-59,11
12,-59,12
12,-59,11
11,-59,12
12,-59,12
11,-59,11
11,-59,10
12,-59,10
12,-59,9
12,-59,10
13,-59,10
11,-60,9
10,-60,10
10,-60,10
11,-59,11
13,-59,11
13,-59,10
11,-59,11
11,-59,11
10,-59,12
9,-59,11
10,-59,11
11,-60,11
11,-59,11
11,-60,11
11,-60,10
11,-59,11
11,-59,11
9,-59,10
10,-60,11
10,-60,11
10,-60,10
12,-59,11
11,-60,8
7,-59,15
11,-60,15
11,-59,10
12,-59,12
11,-59,10
12,-59,10
13,-59,9
12,-59,9
11,-60,10
12,-59,11
10,-59,10
12,-59,11
13,-59,11
15,-59,12
10,-59,10
11,-59,11
12,-59,11
11,-59,9
13,-59,10
13,-59,11
14,-59,11
16,-59,11
11,-59,9
13,-59,10
14,-59,9
9,-58,10
12,-59,10
15,-57,13
19,-60,12
14,-60,9
11,-60,8
2,-60,6
1,-60,9
6,-59,12
20,-58,16
21,-58,20
18,-58,11
10,-60,4
7,-60,5
2,-61,2
1,-61,2
8,-60,9
22,-57,22
19,-57,21
14,-58,19
10,-51,24
-4,-47,21
-38,-50,16
-39,-49,20
-44,-49,20
-50,-53,15
-42,-54,20
-31,-48,22
-30,-56,19
-19,-52,24
-30,-53,20
-29,-53,16
-27,-54,16
-22,-53,19
-21,-55,22
-19,-54,24
-21,-54,21
-23,-55,19
-22,-55,19
-22,-54,20
-21,-54,20
-21,-55,20
-21,-54,21
-22,-54,20
-25,-54,19
-31,-54,19
-32,-53,17
-35,-54,13
-34,-55,22
-27,-52,20
-16,-52,21
-8,-54,22
4,-52,27
24,-57,28
28,-56,29
9,-58,25
3,-56,27
4,-56,28
2,-54,28
18,-56,37
20,-54,37
5,-55,30
-7,-57,21
-9,-56,18
-4,-57,19
4,-56,28
-2,-55,27
-1,-55,31
-5,-53,28
6,-56,28
3,-57,21
-1,-56,22
-6,-56,24
-3,-56,28
0,-55,29
-1,-55,27
2,-56,25
2,-57,26
1,-55,28
0,-57,26
-2,-56,24
-2,-56,23
-2,-56,25
0,-56,27
1,-55,26
-1,-56,25
-2,-55,25
-5,-56,25
0,-56,29
-2,-54,27
-6,-55,24
-4,-56,25
7,-55,30
4,-56,27
3,-55,26
5,-57,27
5,-55,27
1,-55,26
-1,-56,26
0,-55,25
4,-55,26
1,-55,26
1,-55,25
2,-55,26
2,-56,26
4,-56,26
5,-55,29
0,-56,25
1,-55,27
1,-55,27
-2,-55,25
1,-55,25
0,-56,26
-4,-56,25
-4,-56,26
-1,-56,26
-2,-55,26
0,-55,27
-1,-56,27
0,-56,28
2,-55,28
3,-55,28
0,-55,28
1,-56,25
2,-56,26
0,-56,25
-1,-56,26
-1,-55,26
1,-55,26
0,-55,28
2,-55,31
-3,-54,31
-4,-55,24
1,-57,23
2,-58,21
1,-58,20
-2,-57,19
-3,-57,21
-4,-56,24
-9,-56,24
-6,-55,24
-6,-56,25
-6,-55,26
-4,-56,25
-3,-56,23
-3,-57,21
-1,-58,22
-1,-57,23
-2,-56,24
-1,-57,25
0,-57,25
-3,-57,26
-4,-57,26
-3,-57,22
-3,-57,19
-2,-59,20
2,-57,24
-4,-57,23
-10,-55,22
-10,-55,25
-12,-54,26
-12,-54,27
-13,-54,26
-14,-55,23
-1,-59,14
-15,-53,27
-3,-58,24
-11,-56,22
-12,-56,23
-19,-54,26
-25,-52,26
-19,-54,25
-15,-54,26
-13,-54,28
-16,-54,26
-15,-54,26
-16,-55,24
-17,-54,24
-13,-56,20
-18,-54,24
-17,-54,25
-18,-53,27
-15,-54,28
-16,-54,26
-18,-55,23
-14,-54,27
-14,-54,28
-15,-54,28
-18,-54,26
-19,-54,25
-19,-53,26
-18,-53,26
-15,-54,26
-16,-54,26
-18,-54,24
-21,-55,21
-18,-54,24
-11,-55,25
-14,-55,27
-12,-54,26
-17,-54,24
-18,-54,25
-16,-53,28
-15,-53,29
-15,-52,30
-17,-53,29
-19,-53,26
-21,-53,25
-20,-53,26
-19,-53,25
-19,-54,26
-20,-53,25
-18,-54,27
-16,-54,26
-17,-54,25
-21,-53,24
-20,-53,24
-20,-53,22
-19,-54,24
-17,-54,25
-17,-54,24
-18,-54,25
-18,-53,25
-19,-54,25
-20,-53,24
-20,-53,25
-22,-53,23
-22,-53,24
-20,-53,25
-19,-53,26
-19,-53,27
-18,-53,27
-19,-52,28
-20,-52,28
-20,-53,27
-18,-53,27
-18,-53,26
-19,-53,26
-19,-53,26
-19,-53,25
-20,-53,25
-21,-53,23
-23,-53,22
-18,-54,24
-16,-54,26
-14,-53,27
-15,-53,28
-15,-53,29
-17,-53,28
-18,-53,28
-19,-53,27
-19,-53,28
-18,-53,28
-17,-53,28
-16,-53,27
-16,-53,26
-16,-54,26
-16,-54,25
-16,-54,25
-16,-54,26
-15,-53,27
-16,-54,27
-17,-53,27
-16,-53,27
-16,-53,27
-16,-53,27
-16,-54,27
-16,-54,26
-15,-54,26
-15,-54,26
-15,-54,27
-17,-54,26
-16,-54,27
-16,-53,28
-17,-53,28
-17,-53,27
-16,-53,26
-15,-54,27
-15,-54,26
-15,-54,26
-16,-54,25
-16,-54,25
-16,-54,25
-15,-54,26
-16,-53,27
-14,-54,28
-14,-53,29
-15,-53,28
-17,-53,27
-17,-53,27
-17,-53,27
-16,-54,26
-15,-54,27
-14,-54,26
-15,-54,25
-15,-54,26
-14,-54,26
-14,-54,25
-15,-54,25
-15,-54,25
-12,-54,26
-14,-54,28
-14,-53,29
-13,-53,29
-12,-53,30
-12,-53,30
-11,-53,31
-9,-53,31
-12,-54,29
-13,-53,28
-14,-54,27
-13,-54,28
-15,-54,26
-8,-54,29
-8,-54,29
-6,-54,29
-3,-54,30
-2,-54,31
-3,-54,31
-6,-54,30
-8,-54,29
-7,-53,30
-6,-54,31
-7,-53,30
-7,-53,30
-6,-53,30
-6,-53,30
-7,-54,30
-6,-53,31
-8,-53,30
-7,-53,29
-6,-53,30
-7,-54,28
-6,-54,28
-6,-54,28
-7,-54,28
-8,-54,28
-8,-54,28
-7,-54,30
-7,-53,30
-7,-53,30
-8,-54,30
-7,-54,30
-7,-54,29
-8,-54,28
-7,-54,28
-6,-54,28
-6,-54,29
-6,-54,29
-7,-54,29
-7,-54,29
-7,-54,29
-7,-54,29
-6,-54,29
-6,-54,29
-6,-54,29
-6,-54,30
-6,-54,30
-6,-54,29
-7,-54,29
-8,-54,28
-7,-54,28
-7,-54,29
-6,-54,29
-6,-54,29
-7,-54,28
-7,-54,29
-7,-54,29
-6,-54,29
-7,-54,29
-7,-54,29
-6,-54,29
-7,-54,29
-7,-54,29
-7,-54,29
-8,-54,29
-8,-54,29
-7,-54,29
-6,-54,29
-5,-54,29
-6,-54,28
-6,-54,27
-6,-54,28
-7,-54,28
-7,-54,29
-7,-54,29
-8,-54,29
-8,-54,28
-6,-54,29
-4,-54,30
-4,-54,30
-5,-54,29
-5,-54,29
-5,-54,28
-6,-54,29
-6,-54,29
-6,-54,29
-7,-54,28
-6,-54,29
-5,-54,29
-6,-54,29
-5,-54,28
-5,-54,28
-6,-54,29
-6,-54,28
-6,-54,29
-6,-54,29
-7,-53,30
-6,-53,32
-8,-54,30
-10,-54,28
-8,-54,29
-8,-54,29
-7,-54,29
-7,-54,29
-7,-55,29
-8,-54,29
-8,-54,27
-10,-54,24
-14,-54,23
-19,-53,24
-18,-53,26
-18,-53,30
-19,-53,28
-17,-53,27
-15,-53,28
-15,-53,27
-14,-53,27
-15,-53,27
-16,-53,28
-17,-53,28
-14,-53,30
-14,-53,30
-14,-53,29
-13,-54,29
-13,-55,27
-15,-54,25
-15,-54,25
-17,-53,26
-20,-53,26
-20,-52,26
-20,-53,24
-17,-53,25
-17,-54,25
-18,-53,25
-20,-53,26
-18,-53,26
-18,-53,26
-17,-53,26
-18,-54,26
-18,-53,26
-17,-53,27
-18,-54,28
-17,-53,28
-15,-54,29
-18,-53,28
-19,-53,25
-21,-54,23
-14,-54,24
-19,-53,24
-16,-53,27
-16,-53,28
-18,-53,28
-21,-53,27
-20,-53,25
-20,-54,25
-17,-54,24
-17,-53,25
-17,-53,26
-16,-53,29
-19,-53,28
-20,-53,27
-21,-53,26
-19,-53,26
-19,-53,25
-20,-54,24
-19,-54,25
-25,-51,27
-21,-52,26
-21,-53,26
-19,-53,29
-20,-52,26
-20,-53,26
-20,-53,25
-19,-53,25
-19,-53,24
-19,-53,24
-19,-53,26
-18,-53,26
-20,-53,25
-20,-53,26
-19,-53,27
-20,-53,26
-20,-53,26
-20,-53,26
-20,-53,26
-19,-53,25
-19,-53,25
-20,-53,25
-19,-53,25
-18,-53,25
-18,-53,25
-18,-53,26
-21,-52,26
-22,-52,25
-20,-52,27
-18,-53,29
-19,-53,28
-24,-53,24
-22,-53,23
-20,-54,23
-17,-54,24
-18,-54,24
-19,-53,25
-20,-53,25
-20,-53,27
-20,-53,27
-22,-52,26
-22,-52,26
-19,-52,27
-17,-53,29
-16,-52,29
-16,-53,27
-25,-53,20
-25,-52,21
-28,-53,20
-24,-53,21
-23,-53,22
-23,-52,24
-23,-53,25
-21,-53,26
-17,-53,28
-18,-53,28
-19,-53,27
-22,-53,25
-20,-53,26
-20,-53,25
-19,-53,26
-19,-53,25
-19,-53,25
-20,-53,24
-19,-53,24
-19,-54,24
-19,-53,25
-18,-53,27
-20,-53,27
-21,-52,26
-21,-53,26
-20,-53,25
-21,-53,26
-29,-52,27
-30,-52,27
-26,-53,25
-13,-54,23
-12,-55,19
-12,-55,17
-12,-56,20
-11,-56,22
-6,-55,26
0,-56,25
-4,-56,24
-23,-54,19
-31,-51,17
-29,-50,21
-20,-49,31
-21,-47,32
-30,-44,31
-44,-43,28
-54,-39,28
-46,-40,32
-31,-40,36
-30,-42,34
-34,-43,30
-37,-44,27
-38,-45,26
-38,-44,23
-35,-45,22
-35,-45,23
-36,-45,23
-38,-45,25
-39,-44,25
-40,-44,23
-38,-45,23
-38,-45,23
-37,-45,24
-36,-45,24
-37,-45,24
-37,-45,24
-37,-45,24
-38,-45,22
-37,-45,22
-38,-45,22
-37,-46,22
-37,-45,22
-37,-45,22
-37,-45,22
-37,-45,22
-37,-45,21
-38,-46,21
-37,-45,21
-39,-48,20
-30,-47,22
-30,-47,20
-35,-48,18
-26,-47,21
-18,-46,22
-35,-43,19
-60,-36,12
-63,-36,13
-65,-34,15
-68,-39,12
-59,-38,9
-48,-39,11
-44,-40,13
-43,-40,14
-48,-40,12
-50,-40,11
-51,-39,12
-50,-39,12
-49,-39,12
-48,-38,15
-48,-38,15
-47,-38,17
-50,-38,16
-53,-37,19
-57,-38,8
-45,-41,15
-44,-43,17
-56,-41,17
-46,-20,32
-40,-35,41
-38,-32,42
-47,-27,29
-35,-34,21
16,-39,17
53,-29,34
42,-25,23
-17,-20,-18
-40,-21,-43
-75,-29,-63
-79,-39,-60
-80,-44,-64
-73,-48,-61
-43,-30,-41
-40,-31,-41
-56,-23,-40
-50,-22,-34
-50,-22,-34
-56,-21,-38
-53,-22,-36
-44,-24,-34
-50,-26,-41
-57,-26,-42
-50,-25,-35
-49,-20,-29
-56,-19,-29
-54,-24,-32
-34,-25,-29
-36,-25,-30
-46,-28,-38
-43,-25,-41
-44,-26,-42
-42,-25,-46
-42,-25,-52
-42,-26,-52
-40,-26,-47
-41,-22,-42
-43,-25,-37
-43,-25,-38
-46,-25,-40
-48,-22,-42
-45,-23,-40
-48,-24,-39
-48,-21,-39
-48,-21,-40
-48,-22,-38
-56,-24,-39
-48,-20,-31
-44,-21,-31
-51,-22,-36
-51,-22,-36
-53,-21,-37
-48,-22,-38
-45,-23,-42
-51,-23,-43
-48,-20,-33
-48,-20,-29
-52,-22,-28
-50,-21,-30
-51,-21,-32
-52,-21,-31
-54,-21,-33
-55,-20,-32
-52,-21,-31
-53,-21,-33
-51,-21,-33
-50,-22,-35
-51,-22,-35
-51,-22,-35
-51,-21,-34
-51,-21,-34
-52,-22,-33
-51,-21,-33
-52,-22,-32
-53,-21,-32
-51,-22,-34
-51,-22,-36
-52,-21,-32
-51,-21,-32
-49,-22,-33
-50,-22,-34
-51,-22,-33
-52,-21,-32
-53,-22,-32
-52,-21,-32
-53,-21,-31
-53,-22,-32
-51,-22,-33
-52,-21,-34
-51,-22,-33
-52,-22,-33
-52,-22,-34
-52,-22,-34
-56,-22,-35
-53,-20,-29
-52,-21,-27
-50,-22,-29
-51,-22,-32
-51,-22,-33
-50,-23,-34
-52,-22,-33
-52,-22,-31
-53,-22,-31
-54,-22,-30
-53,-21,-30
-53,-21,-30
-53,-22,-31
-53,-21,-31
-54,-22,-31
-53,-21,-31
-53,-22,-31
-52,-22,-31
-53,-22,-31
-53,-22,-33
-54,-22,-30
-54,-20,-30
-55,-21,-31
-54,-22,-33
-53,-22,-36
-58,-25,-35
-57,-25,-29
-54,-20,-27
-43,-25,-26
-44,-25,-29
-47,-28,-28
-56,-24,-34
-62,-25,-37
-49,-23,-36
-52,-22,-31
-55,-23,-28
-50,-23,-31
-55,-23,-29
-52,-21,-11
-61,-23,-8
-62,-22,-7
-60,-20,-14
-63,-19,-16
-61,-21,-18
-58,-21,-23
-58,-22,-27
-58,-21,-26
-54,-21,-18
-58,-20,-17
-61,-21,-19
-60,-18,-19
-60,-21,-22
-59,-21,-21
-57,-21,-21
-57,-21,-22
-58,-20,-22
-57,-21,-22
-59,-21,-20
-59,-20,-20
-57,-22,-25
-55,-21,-24
-60,-21,-22
-58,-21,-19
-58,-20,-17
-57,-20,-15
-58,-21,-15
-59,-21,-18
-58,-21,-19
-59,-21,-20
-57,-21,-20
-60,-21,-22
-58,-20,-21
-57,-22,-20
-57,-19,-17
-58,-21,-18
-62,-19,-17
-62,-19,-17
-60,-20,-17
-58,-20,-19
-58,-20,-19
-58,-21,-20
-59,-20,-20
-59,-20,-20
-57,-21,-20
-58,-22,-20
-59,-21,-20
-58,-20,-19
-57,-19,-18
-60,-19,-19
-56,-21,-19
-60,-20,-21
-60,-20,-20
-57,-21,-22
-59,-21,-22
-55,-21,-21
-60,-20,-23
-59,-21,-24
-55,-21,-23
-58,-21,-23
-57,-21,-22
-58,-21,-23
-57,-21,-22
-57,-20,-22
-58,-21,-20
-59,-21,-19
-54,-20,-13
-56,-22,-16
-58,-22,-19
-57,-17,-21
-64,-15,-24
-64,-17,-23
-63,-17,-27
-62,-19,-24
-59,-19,-25
-50,-22,-23
-51,-19,-18
-57,-19,-18
-59,-18,-21
-60,-16,-23
-62,-19,-26
-59,-17,-21
-58,-19,-24
-57,-19,-21
-57,-20,-20
-61,-17,-19
-57,-15,-17
-56,-19,-26
-60,-19,-26
-60,-18,-22
-59,-19,-21
-59,-18,-20
-59,-19,-20
-59,-19,-21
-57,-19,-23
-58,-20,-23
-58,-21,-23
-59,-19,-21
-65,-19,-19
-66,-18,-18
-57,-18,-14
-60,-18,-12
-63,-18,-11
-60,-19,-7
-54,-18,-6
-55,-20,-8
-62,-20,-12
-58,-19,-9
-64,-20,-17
-61,-17,-14
-62,-18,-15
-63,-17,-16
-60,-21,-21
-53,-21,-18
-58,-19,-18
-62,-19,-19
-57,-18,-18
-55,-20,-23
-57,-23,-30
-56,-21,-29
-57,-21,-27
-55,-24,-28
-61,-14,-26
-61,-19,-25
-56,-18,-24
-57,-20,-28
-55,-20,-27
-53,-22,-28
-52,-19,-25
-59,-21,-27
-59,-21,-28
-57,-21,-31
-51,-18,-20
-51,-20,-18
-60,-18,-20
-61,-19,-23
-59,-18,-25
-59,-18,-26
-62,-18,-27
-57,-18,-27
-61,-18,-25
-58,-19,-27
-51,-19,-24
-55,-19,-25
-55,-20,-26
-53,-20,-31
-54,-21,-33
-56,-20,-33
-58,-21,-34
-56,-21,-33
-45,-20,-25
-56,-20,-24
-57,-20,-25
-52,-19,-27
-54,-21,-34
-55,-20,-35
-56,-18,-34
-57,-19,-37
-55,-20,-35
-44,-23,-32
-50,-21,-30
-55,-18,-29
-58,-17,-31
-58,-17,-32
-56,-19,-35
-54,-20,-37
-52,-19,-35
-54,-19,-32
-52,-19,-31
-54,-19,-29
-61,-16,-27
-53,-21,-32
-51,-20,-31
-52,-22,-35
-51,-25,-34
-40,-24,-32
-51,-23,-34
-54,-21,-34
-53,-21,-32
-52,-21,-31
-52,-21,-31
-52,-20,-32
-54,-21,-35
-55,-21,-35
-60,-19,-33
-57,-19,-26
-51,-19,-23
-52,-22,-28
-53,-22,-29
-52,-22,-31
-51,-22,-33
-51,-23,-34
-50,-22,-34
-52,-22,-33
-53,-21,-32
-54,-21,-29
-53,-21,-28
-53,-21,-29
-52,-21,-32
-52,-21,-33
-53,-20,-34
-52,-21,-34
-52,-20,-34
-54,-20,-33
-56,-20,-32
-55,-20,-31
-51,-20,-32
-52,-21,-35
-50,-21,-33
-51,-20,-33
-51,-21,-34
-51,-21,-37
-44,-20,-38
-47,-20,-40
-49,-19,-42
-47,-21,-45
-45,-21,-46
-50,-20,-43
-54,-20,-37
-48,-21,-35
-47,-20,-38
-44,-22,-42
-45,-21,-42
-49,-21,-42
-46,-21,-40
-47,-21,-40
-48,-21,-40
-52,-22,-39
-49,-21,-37
-41,-21,-35
-43,-22,-34
-54,-22,-40
-49,-20,-33
-48,-20,-32
-53,-22,-36
-49,-21,-36
-50,-21,-37
-49,-21,-36
-49,-22,-38
-48,-21,-37
-51,-21,-37
-51,-21,-36
-50,-21,-35
-50,-21,-36
-50,-21,-36
-50,-22,-37
-49,-21,-35
-50,-21,-35
-50,-21,-35
-50,-21,-36
-49,-22,-36
-48,-21,-37
-48,-21,-37
-49,-21,-37
-50,-21,-38
-50,-20,-37
-51,-20,-37
-49,-21,-38
-48,-22,-39
-47,-21,-39
-49,-21,-40
-48,-21,-38
-48,-20,-37
-50,-22,-38
-49,-21,-38
-49,-21,-37
-48,-21,-38
-48,-21,-38
-47,-21,-38
-47,-21,-38
-47,-21,-38
-47,-23,-39
-48,-21,-39
-49,-21,-37
-50,-20,-37
-50,-21,-37
-48,-22,-39
-46,-22,-38
-46,-21,-38
-47,-22,-40
-48,-21,-38
-50,-21,-37
-50,-21,-37
-49,-21,-37
-48,-21,-38
-48,-22,-38
-47,-22,-38
-51,-21,-39
-49,-21,-38
-48,-21,-37
-47,-22,-36
-47,-22,-38
-46,-22,-37
-51,-23,-37
-49,-22,-40
-42,-21,-34
-58,-21,-37
-54,-21,-36
-47,-23,-35
-50,-20,-37
-43,-22,-39
-46,-22,-39
-52,-20,-37
-50,-21,-36
-47,-22,-36
-49,-21,-41
-51,-21,-43
-48,-21,-41
-45,-22,-37
-46,-22,-36
-47,-21,-36
-49,-22,-37
-48,-21,-37
-48,-21,-39
-52,-20,-41
-46,-23,-40
-46,-22,-40
-47,-22,-41
-40,-22,-40
-48,-21,-37
-50,-22,-38
-52,-17,-36
-48,-30,-39
-43,-22,-36
-47,-23,-37
-51,-21,-40
-48,-22,-41
-47,-23,-39
-46,-22,-36
-45,-23,-34
-49,-21,-38
-50,-22,-38
-51,-19,-38
-56,-19,-42
-55,-20,-47
-50,-24,-44
-44,-24,-37
-47,-21,-33
-60,-23,-37
-59,-26,-38
-48,-24,-29
-48,-21,0
-53,-21,3
-57,-19,11
-64,-19,8
-71,-18,1
-75,-22,-7
-60,-21,2
-49,-21,16
-48,-23,30
-50,-23,29
-47,-21,29
-54,-24,29
-52,-25,29
-41,-24,31
-52,-25,30
-51,-22,31
-52,-20,32
-49,-25,36
-50,-21,36
-49,-23,33
-53,-23,29
-54,-23,28
-52,-22,30
-54,-22,29
-52,-23,28
-51,-23,28
-50,-23,30
-51,-21,31
-54,-22,32
-54,-21,31
-49,-20,35
-52,-20,33
-51,-20,34
-48,-21,36
-48,-23,32
-48,-22,30
-55,-23,26
-53,-21,31
-51,-22,32
-51,-21,33
-49,-22,35
-50,-21,33
-49,-22,33
-51,-22,28
-55,-23,22
-54,-23,25
-55,-22,25
-56,-23,23
-56,-22,26
-55,-22,27
-53,-23,27
-50,-23,26
-50,-23,25
-53,-25,23
-56,-24,22
-62,-20,21
-59,-20,23
-57,-20,24
-56,-22,23
-56,-21,23
-54,-21,24
-52,-22,25
-54,-21,29
-56,-21,27
-55,-21,27
-55,-21,29
-57,-21,25
-52,-22,24
-53,-23,24
-54,-23,22
-54,-22,17
-58,-23,13
-57,-23,9
-61,-24,3
-61,-23,1
-60,-24,0
-63,-23,-3
-62,-23,-2
-62,-23,-2
-61,-22,0
-60,-22,3
-61,-20,10
-61,-21,12
-63,-21,8
-59,-21,4
-61,-22,1
-60,-23,-1
-61,-22,-2
-59,-23,1
-59,-23,3
-62,-21,3
-62,-21,4
-60,-22,5
-59,-21,5
-59,-22,5
-61,-22,3
-62,-22,2
-60,-22,1
-61,-22,2
-62,-21,3
-60,-21,4
-60,-22,5
-60,-22,4
-61,-22,4
-60,-22,4
-60,-22,5
-61,-22,4
-59,-22,4
-61,-22,3
-61,-22,3
-61,-22,2
-60,-22,2
-60,-22,2
-60,-22,2
-61,-22,2
-60,-23,2
-59,-23,2
-61,-22,1
-63,-22,0
-62,-22,1
-60,-23,3
-60,-23,2
-59,-23,3
-59,-23,2
-59,-23,2
-59,-23,2
-62,-23,3
-61,-23,3
-60,-22,4
-60,-23,1
-60,-23,2
-59,-22,4
-60,-23,1
-61,-23,0
-61,-22,0
-61,-22,1
-62,-22,1
-60,-22,-2
-62,-22,-2
-62,-22,0
-59,-22,-1
-59,-23,-1
-60,-22,-1
-60,-23,-2
-61,-23,-2
-60,-22,-1
-61,-22,-1
-61,-23,0
-61,-22,1
-60,-22,0
-59,-22,-1
-61,-22,-1
-62,-22,-2
-61,-22,-2
-61,-22,-3
-62,-22,-2
-59,-22,-2
-61,-22,-3
-61,-22,-2
-60,-22,-1
-61,-22,-2
-62,-22,-2
-61,-22,-1
-60,-22,-1
-60,-22,-3
-61,-22,-1
-62,-22,-1
-62,-22,0
-62,-21,1
-62,-21,2
-61,-21,3
-59,-22,3
-58,-22,4
-61,-21,6
-61,-21,6
-62,-21,4
-61,-21,5
-60,-21,5
-60,-22,5
-60,-21,5
-60,-21,6
-62,-21,6
-60,-21,6
-60,-22,7
-60,-22,7
-58,-22,6
-58,-22,7
-61,-21,7
-62,-21,6
-61,-21,7
-61,-21,7
-62,-21,6
-59,-22,6
-60,-21,7
-59,-21,7
-61,-21,5
-62,-21,4
-62,-21,4
-60,-21,4
-60,-21,6
-59,-21,5
-62,-21,1
-60,-22,1
-60,-21,3
-63,-20,2
-62,-20,2
-61,-21,0
-62,-20,0
-62,-21,3
-64,-20,3
-61,-20,3
-60,-20,4
-60,-22,-1
-57,-21,-1
-61,-21,1
-64,-19,2
-61,-20,3
-61,-20,3
-62,-21,4
-62,-21,5
-63,-19,5
-61,-20,4
-61,-20,2
-62,-20,2
-62,-21,3
-58,-21,5
-57,-20,10
-62,-20,10
-64,-18,10
-61,-19,10
-61,-19,8
-59,-19,6
-63,-20,5
-62,-20,4
-62,-20,2
-62,-20,-1
-61,-21,-1
-62,-20,3
-64,-17,10
-58,-20,11
-63,-18,5
-63,-21,3
-62,-17,2
-62,-21,-1
-60,-21,0
-63,-20,3
-62,-20,3
-60,-20,3
-60,-20,4
-62,-20,4
-62,-20,6
-61,-19,6
-59,-19,5
-60,-18,7
-60,-23,9
-58,-21,9
-58,-19,6
-67,-18,4
-69,-17,5
-66,-16,7
-64,-17,6
-62,-17,5
-55,-20,10
-63,-19,11
-62,-17,11
-59,-19,9
-63,-18,6
-62,-18,6
-58,-18,10
-62,-19,9
-61,-17,11
-62,-18,13
-63,-18,13
-60,-18,12
-62,-18,9
-62,-19,7
-61,-19,6
-61,-19,4
-60,-20,4
-60,-20,2
-65,-19,4
-64,-18,6
-63,-18,9
-63,-20,9
-57,-20,9
-56,-22,6
-61,-21,4
-65,-19,7
-65,-18,10
-63,-20,8
-59,-21,2
-55,-23,8
-61,-21,6
-59,-21,7
-62,-21,6
-63,-20,7
-61,-21,8
-60,-21,8
-60,-21,10
-58,-21,12
-59,-20,11
-60,-21,8
-59,-19,16
-61,-19,15
-62,-18,16
-58,-18,16
-57,-20,17
-57,-20,15
-60,-20,12
-61,-20,13
-61,-19,14
-60,-19,15
-60,-19,15
-56,-20,17
-58,-20,13
-63,-19,7
-64,-20,8
-61,-20,7
-59,-21,5
-61,-21,10
-60,-22,11
-66,-20,5
-63,-19,7
-60,-20,9
-55,-21,11
-60,-21,10
-61,-20,11
-60,-21,12
-61,-20,12
-67,-19,14
-61,-19,16
-56,-19,19
-50,-21,23
-52,-21,23
-54,-21,23
-55,-21,24
-58,-20,23
-58,-20,21
-56,-20,23
-59,-19,24
-61,-18,22
-53,-19,26
-54,-20,24
-56,-20,23
-58,-19,22
-60,-19,20
-59,-19,19
-57,-20,22
-59,-21,20
-55,-20,19
-57,-20,24
-59,-19,25
-55,-19,26
-56,-20,25
-58,-20,22
-55,-20,21
-56,-21,20
-57,-21,21
-57,-20,21
-58,-21,21
-57,-20,23
-54,-20,23
-54,-20,23
-58,-20,21
-59,-20,20
-58,-19,18
-59,-20,16
-59,-19,19
-60,-19,17
-61,-19,15
-59,-20,17
-56,-21,17
-60,-21,13
-62,-20,12
-57,-21,12
-59,-22,6
-60,-22,4
-60,-23,4
-63,-23,-1
-62,-20,2
-59,-20,8
-66,-19,5
-62,-20,4
-61,-21,6
-61,-20,6
-57,-22,6
-58,-21,6
-58,-21,6
-60,-21,4
-62,-20,2
-65,-21,-1
-60,-20,-2
-58,-20,-2
-66,-21,-9
-61,-21,-11
-61,-21,-11
-60,-22,-10
-62,-22,-8
-65,-22,-10
-63,-20,-5
-57,-23,3
-57,-22,4
-57,-21,6
-60,-23,2
-62,-23,1
-51,-18,8
-55,-24,6
-70,-16,9
-65,-16,10
-60,-15,12
-64,-19,6
-63,-18,9
-61,-18,11
-59,-19,12
-61,-18,13
-60,-18,10
-57,-20,10
-63,-19,9
-62,-18,10
-63,-18,10
-62,-18,11
-61,-17,16
-59,-16,19
-56,-18,20
-58,-18,20
-59,-18,17
-58,-19,15
-60,-20,11
-61,-19,10
-63,-18,10
-62,-18,11
-61,-18,13
-61,-18,13
-59,-17,13
-59,-19,14
-58,-18,11
-66,-18,10
-66,-18,10
-63,-19,9
-61,-20,8
-62,-21,7
-60,-21,9
-55,-23,11
-54,-24,11
-55,-22,11
-54,-22,11
-56,-22,9
-62,-20,6
-68,-19,3
-65,-20,0
-64,-21,-4
-60,-21,-6
-59,-22,-10
-60,-21,-13
-57,-21,-12
-63,-20,-12
-62,-18,-9
-63,-19,-11
-62,-19,-12
-59,-20,-12
-59,-21,-14
-61,-20,-15
-59,-21,-15
-61,-20,-14
-63,-20,-10
-63,-21,-10
-61,-20,-6
-63,-21,-5
-62,-21,-9
-57,-19,0
-64,-20,3
-61,-20,4
-61,-20,5
-61,-21,7
-63,-21,9
-64,-22,5
-60,-22,4
-58,-22,8
-54,-21,25
-50,-20,30
-45,-21,36
-45,-20,37
-50,-21,34
-52,-19,34
-56,-19,31
-53,-19,31
-47,-21,33
-49,-21,28
-57,-23,22
-58,-21,21
-55,-22,22
-56,-21,22
-56,-22,20
-56,-22,16
-61,-23,12
-62,-21,10
-62,-22,9
-55,-22,12
-56,-20,13
-54,-21,10
-59,-21,-2
-63,-22,-9
-66,-23,-23
-55,-24,-28
-55,-26,-27
-61,-21,-22
-58,-21,-17
-59,-21,-16
-54,-23,-18
-58,-22,-21
-57,-23,-21
-59,-21,-23
-62,-21,-25
-64,-21,-29
-64,-22,-27
-55,-24,-24
-45,-25,-22
-52,-24,-25
-57,-22,-25
-55,-26,-24
-56,-23,-22
-58,-23,-23
-59,-23,-23
-59,-24,-20
-60,-23,-19
-64,-23,-20
-58,-24,-14
-55,-24,-11
-53,-23,-2
-54,-23,0
-61,-22,1
-64,-21,3
-62,-22,4
-59,-22,5
-59,-22,6
-60,-22,7
-58,-22,8
-59,-22,7
-59,-22,6
-60,-22,4
-60,-22,1
-62,-23,0
-61,-22,0
-61,-22,0
-60,-22,0
-61,-21,0
-61,-21,2
-62,-21,1
-61,-21,1
-61,-22,0
-61,-22,-2
-63,-22,-3
-63,-22,-3
-58,-21,0
-60,-22,-1
-61,-22,-1
-62,-21,0
-62,-21,-1
-60,-21,-1
-61,-22,-2
-61,-22,-2
-60,-21,0
-61,-21,-2
-60,-21,-2
-61,-21,-3
-61,-22,-4
-61,-22,-4
-63,-21,-2
-62,-21,-1
-62,-21,0
-60,-21,1
-61,-21,0
-61,-22,-1
-60,-22,1
-60,-21,0
-61,-21,0
-63,-21,0
-61,-21,1
-61,-21,1
-61,-21,0
-61,-21,0
-61,-21,0
-61,-21,0
-60,-21,0
-62,-21,0
-62,-21,0
-61,-21,0
-62,-21,0
-61,-21,0
-61,-21,0
-60,-21,0
-60,-22,1
-61,-21,0
-61,-21,0
-61,-21,0
-61,-21,0
-61,-21,0
-62,-21,0
-61,-21,0
-61,-21,1
-61,-21,1
-61,-21,0
-61,-21,1
-61,-21,0
-61,-21,0
-61,-21,0
-61,-21,0
-61,-21,1
-61,-21,1
-62,-21,2
-62,-21,2
-60,-21,2
-61,-21,1
-61,-21,1
-61,-22,1
-60,-21,2
-60,-21,2
-61,-21,3
-61,-21,2
-60,-21,3
-61,-21,3
-61,-21,3
-61,-21,3
-61,-21,3
-61,-21,3
-61,-21,3
-60,-21,2
-61,-21,2
-61,-21,2
-61,-21,3
-61,-21,3
-61,-21,4
-61,-21,1
-60,-21,1
-60,-21,5
-63,-20,5
-62,-20,5
-61,-21,5
-61,-21,5
-60,-21,5
-61,-21,5
-61,-21,4
-60,-21,4
-60,-22,5
-61,-21,5
-61,-21,6
-61,-21,6
-60,-21,5
-60,-21,6
-61,-21,6
-61,-21,5
-61,-21,6
-61,-21,6
-62,-20,5
-61,-21,5
-60,-21,5
-61,-21,4
-61,-21,5
-60,-21,5
-61,-20,5
-62,-20,5
-62,-20,5
-61,-20,5
-60,-21,5
-61,-21,5
-61,-20,5
-62,-21,4
-62,-21,4
-59,-20,5
-59,-21,6
-62,-20,4
-62,-19,6
-61,-19,7
-61,-20,4
-61,-20,6
-61,-20,6
-60,-20,7
-60,-20,5
-61,-21,5
-61,-20,4
-61,-20,5
-61,-20,5
-61,-20,7
-61,-20,7
-61,-20,7
-61,-21,6
-61,-21,5
-61,-20,5
-61,-20,7
-61,-21,6
-61,-21,5
-61,-21,6
-61,-20,6
-62,-20,5
-61,-20,5
-60,-21,6
-60,-21,7
-61,-20,7
-60,-21,8
-61,-20,7
-61,-20,8
-60,-21,7
-60,-20,7
-61,-20,7
-61,-20,8
-61,-21,7
-60,-20,8
-61,-21,7
-61,-21,6
-61,-21,7
-60,-21,6
-60,-21,6
-61,-21,8
-61,-21,6
-61,-21,6
-61,-21,5
-60,-21,6
-60,-21,7
-60,-21,7
-61,-20,7
-61,-21,6
-61,-20,7
-61,-21,7
-61,-21,6
-61,-21,6
-61,-21,5
-61,-21,5
-61,-21,5
-61,-21,6
-61,-21,6
-61,-21,5
-61,-21,6
-60,-21,5
-61,-21,4
-60,-21,5
-62,-21,2
-61,-22,3
-60,-21,4
-62,-21,2
-61,-21,4
-61,-20,5
-61,-21,5
-60,-20,6
-61,-20,6
-61,-21,5
-61,-21,4
-60,-21,3
-59,-21,3
-62,-21,4
-65,-19,3
-62,-21,3
-58,-21,6
-62,-22,2
-61,-21,3
-60,-21,3
-60,-21,3
-60,-21,4
-62,-20,6
-62,-21,7
-61,-20,6
-60,-21,5
-60,-21,4
-62,-22,3
-60,-21,4
-60,-21,5
-61,-21,4
-61,-21,4
-61,-21,5
-61,-21,5
-63,-21,4
-61,-21,4
-60,-21,4
-61,-21,4
-62,-21,4
-60,-21,5
-61,-22,5
-60,-21,4
-60,-21,4
-62,-21,3
-61,-20,5
-60,-21,5
-61,-21,5
-60,-21,6
-62,-20,5
-62,-21,5
-59,-21,6
-60,-20,8
-62,-21,7
-62,-20,7
-60,-20,8
-61,-20,9
-60,-20,11
-62,-19,10
-61,-20,9
-58,-20,9
-58,-20,9
-59,-21,10
-61,-19,12
-60,-20,12
-59,-20,10
-60,-20,8
-63,-21,4
-61,-20,5
-60,-20,5
-59,-21,3
-59,-21,-2
-60,-21,-4
-60,-21,-6
-63,-21,-8
-64,-21,-10
-62,-21,-13
-60,-22,-16
-60,-21,-16
-61,-21,-15
-60,-21,-14
-59,-20,-11
-60,-21,-11
-60,-21,-10
-62,-21,-13
-58,-20,-12
-60,-21,-12
-61,-20,-12
-60,-21,-12
-60,-20,-12
-60,-21,-11
-61,-20,-13
-60,-21,-12
-59,-21,-13
-59,-21,-14
-61,-21,-14
-61,-21,-14
-59,-21,-13
-62,-21,-13
-58,-21,-11
-59,-21,-10
-61,-21,-11
-61,-21,-13
-58,-21,-13
-59,-22,-10
-60,-22,-11
-61,-21,-11
-58,-21,-8
-61,-21,-8
-62,-21,-8
-62,-21,-8
-61,-21,-8
-60,-22,-7
-61,-21,-8
-62,-21,-9
-58,-22,-7
-59,-22,-9
-59,-22,-9
-61,-21,-7
-63,-21,-6
-61,-20,-5
-61,-20,-4
-62,-20,-4
-64,-20,-5
-63,-20,-5
-62,-20,-6
-61,-20,-5
-63,-21,-7
-64,-21,-8
-63,-21,-2
-62,-21,5
-57,-20,12
-53,-20,25
-52,-20,27
-51,-21,28
-54,-21,24
-55,-21,24
-56,-21,22
-57,-21,22
-57,-21,22
-56,-21,23
-53,-21,25
-55,-20,24
-57,-20,23
-57,-20,22
-58,-20,23
-58,-20,25
-57,-20,24
-55,-21,21
-57,-21,21
-60,-21,19
-52,-22,20
-59,-21,19
-58,-21,20
-57,-21,18
-60,-22,16
-59,-22,17
-61,-20,16
-55,-20,25
-57,-21,23
-58,-21,17
-52,-22,14
-56,-22,12
-61,-22,11
-62,-21,10
-61,-21,9
-61,-20,7
-61,-21,7
-59,-21,10
-60,-20,12
-61,-20,13
-64,-20,13
-58,-20,14
-57,-20,15
-60,-21,17
-60,-20,18
-58,-21,19
-56,-20,22
-55,-21,23
-54,-21,26
-53,-22,24
-56,-22,20
-56,-21,21
-56,-21,21
-56,-22,22
-57,-21,21
-58,-21,21
-57,-21,23
-56,-21,24
-55,-20,25
-56,-21,25
-55,-21,25
-55,-21,24
-53,-21,24
-55,-21,21
-56,-21,22
-58,-21,23
-56,-21,22
-56,-20,23
-57,-21,23
-56,-20,26
-55,-20,27
-54,-19,26
-56,-20,24
-57,-19,22
-58,-20,21
-58,-20,21
-55,-20,25
-56,-20,22
-53,-21,22
-60,-21,16
-62,-20,13
-59,-21,14
-57,-21,17
-57,-21,18
-58,-21,17
-61,-20,16
-57,-20,18
-58,-21,17
-59,-20,16
-59,-20,15
-58,-20,16
-60,-21,13
-60,-20,13
-58,-21,15
-62,-20,12
-61,-20,13
-61,-20,12
-58,-20,13
-59,-20,13
-60,-20,14
-59,-20,13
-61,-20,14
-60,-19,16
-59,-20,16
-58,-20,15
-60,-20,14
-58,-19,15
-61,-21,11
-61,-19,10
-60,-21,11
-60,-21,12
-59,-20,13
-59,-20,14
-58,-20,14
-58,-21,14
-61,-20,14
-60,-21,12
-60,-21,10
-59,-21,9
-61,-21,9
-59,-21,11
-59,-21,13
-60,-20,13
-60,-21,12
-60,-21,11
-58,-22,8
-58,-22,9
-60,-21,11
-61,-21,11
-60,-21,11
-60,-20,11
-59,-21,10
-61,-21,7
-60,-21,5
-59,-22,4
-61,-22,3
-62,-22,2
-61,-21,3
-60,-21,7
-60,-20,8
-61,-21,7
-60,-21,6
-59,-21,3
-61,-21,-1
-63,-21,-1
-62,-21,0
-58,-21,3
-62,-20,0
-63,-21,-1
-62,-20,-2
-62,-20,-2
-62,-21,-2
-60,-21,-2
-60,-20,-3
-61,-21,-5
-62,-21,-6
-62,-21,-6
-63,-21,-5
-60,-20,-4
-60,-21,-4
-62,-21,-6
-60,-21,-4
-61,-21,-4
-60,-20,-4
-60,-21,-5
-61,-21,-5
-61,-20,-5
-61,-20,-5
-62,-20,-5
-60,-20,-4
-61,-20,-5
-63,-20,-9
-63,-20,-7
-62,-20,-7
-60,-21,-5
-60,-20,-5
-60,-20,-5
-59,-21,-11
-63,-20,-9
-61,-22,-8
-61,-20,-6
-61,-20,-7
-62,-20,-8
-62,-20,-11
-62,-20,-11
-61,-20,-9
-59,-21,-10
-61,-21,-11
-62,-20,-9
-60,-22,-7
-60,-20,-9
-60,-20,-9
-61,-21,-12
-61,-22,-13
-59,-21,-12
-60,-21,-10
-60,-21,-10
-60,-21,-10
-61,-21,-10
-61,-20,-9
-62,-20,-10
-61,-20,-9
-59,-20,-10
-61,-21,-13
-61,-21,-13
-62,-21,-15
-61,-21,-16
-58,-21,-14
-58,-22,-14
-59,-21,-14
-57,-21,-11
-57,-21,-10
-61,-21,-15
-62,-21,-15
-61,-22,-19
-59,-22,-20
-59,-21,-20
-58,-21,-16
-60,-22,-17
-57,-21,-16
-58,-22,-17
-58,-22,-18
-58,-21,-16
-59,-21,-15
-59,-21,-18
-58,-21,-19
-58,-21,-19
-61,-22,-17
-57,-22,-16
-58,-22,-18
-57,-22,-17
-61,-21,-19
-59,-21,-18
-60,-21,-18
-58,-21,-18
-58,-22,-19
-58,-21,-18
-59,-21,-17
-58,-22,-17
-60,-21,-18
-60,-21,-18
-58,-21,-18
-59,-22,-19
-58,-22,-18
-59,-21,-18
-61,-21,-19
-63,-21,-19
-59,-22,-17
-56,-21,-10
-56,-22,-10
-59,-23,-12
-57,-22,-11
-56,-22,-7
-60,-21,-9
-60,-20,-9
-62,-22,-17
-60,-22,-20
-59,-21,-21
-59,-22,-18
-60,-21,-13
-59,-21,-11
-60,-22,-14
-58,-22,-15
-59,-22,-16
-57,-21,-13
-58,-22,-12
-63,-21,-14
-60,-20,-15
-58,-20,-14
-61,-21,-15
-59,-21,-12
-60,-21,-12
-59,-21,-10
-62,-20,-11
-62,-20,-12
-62,-21,-14
-62,-21,-11
-57,-21,-8
-61,-20,-8
-62,-21,-8
-64,-20,-7
-59,-21,-2
-57,-20,0
-60,-21,-4
-64,-21,-8
-64,-20,-8
-61,-21,-7
-59,-21,-7
-60,-22,-5
-61,-21,-4
-61,-21,-3
-61,-21,-3
-63,-21,-4
-61,-21,-4
-59,-20,-1
-62,-20,-2
-64,-19,-1
-62,-20,-1
-63,-21,-3
-61,-21,-2
-61,-21,2
-61,-20,4
-58,-19,8
-58,-22,8
-60,-20,8
-60,-20,9
-56,-22,8
-54,-21,5
-62,-21,-7
-64,-19,-11
-65,-21,-13
-64,-17,-8
-74,-23,-23
-60,-16,-14
-63,-27,-4
-63,-19,0
-57,-23,0
-56,-18,-1
-59,-21,-4
-63,-21,-9
-60,-21,-6
-61,-21,-7
-61,-21,-8
-62,-21,-8
-65,-21,-9
-60,-20,-8
-61,-23,-8
-60,-23,-8
-58,-22,-6
-59,-23,-6
-61,-22,-6
-59,-22,-7
-60,-21,-6
-62,-22,-7
-65,-21,-8
-61,-22,-8
-59,-23,-9
-60,-22,-5
-59,-22,-5
-63,-23,-6
-66,-23,-9
-63,-23,-8
-62,-21,2
-59,-23,9
-57,-22,12
-49,-23,23
-48,-25,26
-50,-23,26
-48,-21,34
-51,-24,26
-55,-23,26
-58,-22,22
-62,-21,18
-56,-23,20
-59,-24,14
-58,-24,12
-54,-24,14
-59,-24,11
-61,-23,11
-58,-23,13
-60,-23,12
-58,-23,13
-57,-23,18
-59,-23,19
-59,-22,15
-58,-23,13
-60,-23,14
-58,-23,14
-58,-24,14
-58,-23,12
-55,-24,9
-58,-23,7
-62,-22,9
-61,-21,7
-63,-22,3
-65,-22,1
-63,-23,1
-59,-23,3
-55,-24,6
-58,-24,5
-60,-23,4
-61,-22,5
-59,-23,7
-60,-23,5
-61,-21,2
-61,-24,1
-61,-22,1
-62,-22,3
-64,-21,3
-61,-22,4
-59,-22,4
-59,-22,4
-60,-22,4
-61,-22,3
-62,-22,3
-61,-22,3
-61,-22,3
-60,-22,4
-60,-21,5
-60,-22,4
-61,-22,3
-58,-22,0
-58,-22,1
-62,-22,4
-63,-21,6
-62,-21,6
-61,-21,4
-60,-22,2
-60,-22,2
-61,-22,2
-60,-22,1
-61,-22,1
-61,-22,2
-61,-22,1
-63,-22,1
-60,-22,-1
-58,-22,0
-59,-24,5
-62,-21,7
-61,-22,6
-60,-21,10
-60,-21,8
-58,-22,8
-56,-23,6
-65,-21,3
-65,-20,6
-59,-20,11
-59,-21,10
-63,-21,5
-60,-21,8
-59,-21,8
-61,-21,8
-62,-20,9
-61,-20,9
-61,-21,6
-60,-21,7
-60,-21,6
-60,-22,6
-60,-20,7
-60,-20,8
-61,-21,8
-61,-21,8
-62,-20,8
-62,-20,9
-60,-20,9
-61,-20,9
-59,-20,10
-59,-21,10
-64,-20,11
-61,-21,9
-58,-22,5
-59,-22,0
-62,-22,0
-61,-21,4
-59,-21,7
-59,-21,7
-60,-21,6
-62,-21,4
-63,-20,4
-63,-21,4
-60,-21,4
-59,-21,4
-61,-21,3
-60,-21,4
-61,-21,5
-62,-21,3
-61,-21,2
-62,-21,3
-59,-21,5
-60,-21,5
-60,-21,2
-61,-21,0
-62,-22,-1
-62,-22,-3
-61,-22,0
-61,-22,1
-59,-22,3
-59,-23,-1
-59,-22,-2
-59,-22,-1
-67,-20,4
-63,-19,8
-59,-20,10
-62,-20,6
-62,-21,1
-61,-21,-2
-61,-22,-2
-60,-22,-1
-58,-22,1
-60,-22,0
-61,-21,-1
-61,-20,1
-62,-19,4
-63,-20,5
-64,-20,4
-61,-20,3
-63,-20,4
-60,-20,6
-59,-20,4
-63,-20,1
-63,-20,2
-62,-20,1
-60,-21,2
-62,-21,0
-61,-21,-1
-60,-22,0
-60,-21,1
-61,-20,4
-61,-21,4
-61,-20,5
-62,-20,6
-62,-21,4
-60,-20,-1
-61,-21,-2
-62,-21,-1
-62,-21,0
-61,-20,3
-63,-21,2
-65,-20,-1
-68,-22,-11
-68,-20,-10
-59,-23,10
-50,-24,20
-47,-26,23
-34,-23,30
-42,-24,20
-57,-22,9
-57,-26,-10
-61,-27,-17
-67,-20,-16
-77,-16,-13
-74,-15,-10
-64,-17,-7
-63,-19,-1
-61,-23,-4
-59,-21,-5
-56,-23,-6
-52,-22,-1
-60,-21,3
-63,-20,1
-61,-19,1
-63,-20,0
-62,-21,-3
-59,-19,-5
-62,-21,-8
-64,-19,-8
-64,-22,-12
-58,-20,-6
-62,-21,-8
-60,-21,-6
-60,-21,-7
-59,-20,-3
-64,-20,-5
-65,-20,-10
-60,-20,-10
-59,-22,-11
-60,-22,-11
-63,-20,-8
-58,-21,-4
-57,-21,-1
-59,-21,-2
-56,-22,-17
-58,-23,-26
-63,-22,-26
-71,-20,-25
-68,-24,-19
-52,-23,-11
-49,-24,-4
-58,-21,2
-63,-23,1
-59,-24,2
-59,-24,-4
-54,-26,-9
-56,-25,-8
-65,-25,-2
-60,-23,-2
-59,-23,-2
-60,-23,-2
-60,-24,-2
-59,-23,-2
-59,-23,-3
-60,-24,-4
-58,-23,-4
-62,-23,-5
-62,-22,-4
-57,-21,1
-65,-24,-3
-61,-23,-3
-57,-22,-3
-67,-21,-6
-60,-21,-4
-67,-19,-8
-67,-21,-7
-62,-21,-4
-60,-22,-8
-58,-22,-9
-54,-23,-7
-59,-23,-8
-61,-23,-9
-64,-21,-9
-60,-22,-5
-56,-23,-4
-55,-23,-4
-56,-22,-3
-61,-21,-9
-61,-21,-12
-63,-21,-14
-66,-20,-17
-63,-19,-16
-64,-19,-16
-65,-20,-15
-50,-21,-10
-54,-22,-8
-62,-21,-5
-62,-18,-1
-59,-16,-1
-67,-25,0
-66,-23,1
-62,-17,1
-60,-20,-1
-59,-20,-1
-63,-20,-2
-63,-19,-2
-61,-20,-1
-55,-20,3
-55,-28,-1
-55,-22,-1
-63,-18,-2
-68,-16,-3
-66,-16,-3
-68,-18,-6
-68,-19,-9
-62,-19,-9
-58,-20,-5
-58,-20,-2
-61,-19,1
-64,-18,2
-63,-19,1
-55,-20,1
-59,-21,-2
-58,-19,-1
-60,-19,-2
-71,-15,0
-70,-13,2
-66,-15,4
-67,-15,4
-62,-22,2
-62,-17,2
-63,-19,1
-61,-18,6
-61,-17,9
-62,-19,8
-58,-19,9
-62,-19,8
-61,-20,8
-58,-20,12
-59,-19,14
-59,-19,15
-58,-20,11
-58,-21,6
-63,-20,6
-58,-18,20
-60,-18,18
-60,-19,18
-62,-15,20
-61,-17,21
-58,-18,21
-58,-18,20
-58,-18,19
-58,-19,18
-60,-18,20
-59,-18,24
-54,-16,27
-51,-17,26
-65,-18,18
-57,-20,16
-55,-21,15
-55,-20,16
-59,-19,17
-59,-19,16
-61,-18,19
-60,-17,21
-58,-19,21
-55,-19,21
-54,-18,21
-55,-19,20
-55,-21,21
-61,-19,20
-61,-17,21
-56,-15,29
-57,-15,29
-56,-17,32
-52,-18,35
-51,-18,36
-51,-19,27
-59,-20,18
-62,-21,14
-59,-19,14
-57,-21,19
-59,-19,20
-53,-20,23
-53,-20,23
-56,-21,21
-58,-20,20
-59,-19,20
-62,-18,18
-58,-18,21
-58,-20,23
-55,-21,28
-52,-20,25
-55,-21,21
-57,-21,23
-57,-20,25
-58,-19,25
-59,-18,24
-59,-20,22
-53,-21,19
-57,-20,20
-59,-20,17
-58,-20,19
-60,-20,19
-60,-21,20
-54,-21,20
-56,-22,19
-57,-20,20
-53,-21,18
-59,-22,14
-62,-20,15
-64,-15,13
-65,-15,12
-65,-15,14
-63,-18,15
-62,-19,14
-58,-21,14
-55,-19,17
-59,-20,17
-62,-20,18
-63,-16,25
-58,-17,23
-54,-17,33
-56,-16,33
-49,-20,34
-46,-25,26
-46,-21,19
-69,-24,8
-58,-20,13
-51,-20,19
-55,-21,29
-52,-19,28
-55,-20,25
-61,-20,19
-60,-20,19
-54,-22,25
-57,-21,27
-57,-20,28
-52,-20,31
-49,-22,32
-49,-22,30
-49,-26,31
-52,-22,28
-51,-21,29
-58,-20,28
-52,-20,30
-54,-21,30
-54,-21,28
-55,-21,28
-54,-22,27
-52,-22,27
-52,-22,26
-48,-21,32
-51,-20,32
-55,-19,31
-55,-19,32
-52,-20,30
-53,-20,29
-54,-20,29
-52,-22,27
-51,-22,28
-53,-21,27
-55,-20,29
-56,-20,28
-54,-21,29
-53,-21,29
-51,-21,31
-51,-21,30
-51,-21,30
-53,-21,29
-55,-21,29
-54,-21,29
-53,-21,29
-53,-21,29
-53,-21,29
-53,-21,29
-53,-21,29
-53,-21,30
-53,-21,30
-53,-21,29
-51,-21,31
-50,-21,31
-51,-21,30
-52,-21,29
-54,-20,29
-56,-20,28
-57,-20,27
-54,-20,28
-53,-21,28
-53,-21,29
-53,-21,29
-53,-21,29
-54,-20,29
-54,-20,29
-54,-20,29
-52,-21,30
-51,-21,30
-54,-21,28
-53,-21,29
-55,-21,29
-55,-20,30
-53,-21,31
-47,-22,34
-41,-22,40
-42,-22,41
-43,-22,42
-43,-22,39
-43,-23,38
-47,-22,35
-52,-21,33
-51,-21,32
-54,-21,31
-52,-22,31
-51,-21,32
-50,-22,32
-49,-20,35
-51,-21,35
-49,-21,35
-48,-21,35
-46,-22,36
-48,-21,35
-51,-22,35
-49,-21,36
-48,-21,35
-47,-22,36
-47,-22,37
-44,-21,39
-44,-22,40
-45,-22,39
-45,-21,37
-47,-22,36
-50,-21,34
-51,-21,33
-52,-21,31
-50,-21,33
-50,-20,34
-48,-21,35
-49,-21,36
-49,-21,36
-50,-21,35
-50,-21,32
-50,-22,34
-45,-22,34
-48,-24,35
-48,-22,36
-49,-22,35
-49,-21,35
-50,-22,35
-46,-22,35
-44,-22,36
-47,-23,36
-50,-22,35
-51,-21,33
-49,-21,35
-48,-21,36
-48,-21,36
-49,-22,34
-49,-22,35
-48,-22,35
-48,-21,36
-48,-21,36
-48,-21,35
-48,-22,35
-48,-21,35
-48,-22,35
-48,-21,35
-48,-21,35
-48,-21,36
-48,-21,36
-48,-22,36
-49,-22,35
-50,-21,34
-50,-21,35
-50,-21,36
-49,-21,35
-46,-22,37
-49,-23,36
-43,-23,37
-35,-22,43
-43,-25,39
-49,-23,35
-50,-22,30
-51,-23,27
-54,-24,27
-59,-21,25
-58,-21,27
-56,-20,29
-53,-23,33
-50,-22,36
-53,-19,28
-55,-20,28
-54,-19,25
-51,-20,14
-49,-24,4
-58,-20,1
-69,-31,-8
-55,-30,-8
-54,-18,-5
-63,-25,-14
-65,-23,-14
-59,-25,-11
-62,-22,-11
-64,-24,-14
-58,-23,-13
-57,-25,-12
-57,-25,-12
-58,-24,-12
-54,-26,-15
-52,-24,-16
-52,-25,-17
-55,-26,-22
-55,-23,-23
-55,-20,-24
-58,-18,-24
-61,-17,-28
-54,-21,-37
-50,-21,-40
-50,-22,-43
-49,-20,-40
-48,-21,-38
-49,-20,-40
-48,-20,-37
-48,-20,-37
-51,-21,-42
-52,-20,-40
-50,-20,-39
-48,-20,-36
-48,-21,-37
-50,-20,-39
-51,-20,-38
-50,-21,-38
-46,-23,-37
-46,-23,-36
-45,-23,-35
-48,-22,-36
-49,-21,-38
-49,-22,-38
-48,-22,-40
-49,-21,-39
-51,-21,-40
-50,-21,-38
-42,-23,-36
-49,-21,-36
-54,-20,-36
-52,-21,-36
-51,-21,-36
-48,-23,-38
-48,-23,-38
-49,-25,-36
-43,-23,-34
-46,-23,-33
-55,-20,-32
-54,-21,-34
-54,-21,-35
-53,-20,-34
-54,-20,-34
-51,-21,-33
-50,-22,-33
-50,-22,-32
-51,-23,-34
-53,-23,-35
-55,-23,-37
-45,-24,-34
-40,-24,-28
-49,-23,-30
-58,-20,-30
-55,-20,-31
-55,-21,-32
-56,-19,-32
-60,-17,-28
-64,-18,-28
-50,-22,-25
-48,-21,-27
-52,-22,-30
-51,-22,-29
-50,-22,-29
-53,-22,-31
-56,-20,-31
-55,-21,-34
-49,-23,-33
-50,-22,-32
-53,-21,-30
-56,-21,-30
-56,-21,-30
-56,-20,-29
-57,-18,-25
-63,-19,-28
-57,-23,-31
-49,-19,-23
-55,-22,-23
-55,-21,-22
-54,-21,-23
-56,-21,-23
-58,-21,-24
-57,-20,-24
-54,-21,-23
-58,-22,-24
-56,-21,-23
-55,-21,-23
-55,-22,-24
-55,-21,-24
-56,-21,-26
-57,-21,-28
-54,-22,-29
-54,-22,-29
-55,-21,-28
-54,-21,-26
-56,-21,-27
-55,-21,-28
-56,-21,-29
-57,-20,-28
-57,-21,-28
-54,-21,-26
-54,-21,-27
-55,-21,-26
-58,-19,-22
-63,-16,-14
-66,-17,-15
-62,-20,-27
-46,-21,-30
-43,-20,-34
-45,-23,-41
-49,-22,-45
-55,-22,-43
-49,-19,-34
-44,-18,-35
-37,-20,-35
-56,-24,-44
-49,-22,-37
-45,-25,-39
-51,-27,-40
-48,-21,-35
-47,-20,-34
-47,-22,-39
-46,-19,-35
-52,-21,-44
-49,-21,-46
-48,-19,-41
-49,-20,-38
-48,-20,-37
-50,-20,-36
-52,-21,-41
-50,-20,-40
-49,-19,-35
-52,-21,-36
-54,-21,-38
-54,-21,-39
-46,-21,-32
-56,-22,-33
-61,-23,-38
-44,-22,-25
-40,-19,-11
-61,-21,-17
-59,-19,-17
-60,-20,-25
-61,-18,-28
-59,-18,-27
-58,-16,-25
-58,-19,-26
-56,-19,-27
-58,-20,-29
-55,-19,-30
-54,-20,-30
-54,-19,-30
-55,-19,-30
-58,-19,-32
-58,-19,-30
-60,-20,-31
-62,-20,-29
-44,-17,-15
-52,-19,-16
-57,-22,-18
-53,-22,-18
-56,-20,-18
-60,-20,-21
-59,-19,-22
-61,-19,-24
-59,-19,-27
-57,-20,-28
-56,-20,-27
-56,-21,-25
-54,-20,-24
-59,-20,-24
-58,-20,-26
-57,-20,-25
-59,-22,-25
-63,-22,-24
-62,-22,-24
-59,-23,-20
-60,-18,-14
-61,-22,-9
-57,-25,0
-49,-20,9
-49,-23,19
-54,-21,21
-57,-21,19
-61,-22,10
-59,-23,7
-58,-23,6
-59,-22,6
-62,-22,4
-62,-21,4
-63,-22,4
-60,-22,5
-60,-22,5
-59,-22,5
-60,-22,4
-60,-22,2
-60,-22,3
-61,-22,2
-60,-22,1
-62,-22,0
-63,-21,-1
-63,-21,1
-62,-22,-4
-61,-22,-3
-59,-21,2
-61,-22,1
-60,-22,-2
-60,-22,-1
-63,-22,-2
-62,-22,-3
-61,-22,-4
-60,-21,-4
-60,-22,-2
-61,-21,-3
-60,-21,-3
-60,-22,-3
-61,-22,-5
-61,-22,-6
-62,-22,-8
-62,-22,-8
-60,-22,-8
-60,-22,-10
-60,-22,-11
-60,-22,-12
-59,-23,-11
-60,-22,-11
-60,-22,-11
-60,-22,-12
-59,-22,-11
-61,-22,-11
-60,-22,-12
-61,-22,-12
-59,-23,-12
-58,-23,-12
-58,-23,-12
-57,-23,-14
-57,-24,-16
-60,-23,-14
-59,-21,-11
-60,-22,-12
-61,-21,-13
-58,-24,-14
-60,-23,-14
-58,-23,-13
-58,-23,-13
-58,-23,-14
-59,-22,-14
-59,-22,-13
-60,-22,-13
-59,-22,-13
-59,-22,-14
-60,-22,-15
-59,-23,-15
-58,-22,-15
-59,-22,-14
-60,-22,-14
-60,-22,-14
-58,-22,-14
-59,-22,-14
-59,-22,-14
-59,-22,-14
-59,-22,-14
-61,-22,-15
-60,-22,-16
-62,-22,-16
-54,-24,-9
-57,-21,-6
-59,-21,-6
-58,-22,-11
-57,-22,-15
-56,-22,-16
-60,-21,-19
-61,-22,-23
-58,-21,-24
-55,-22,-26
-59,-22,-27
-57,-22,-27
-55,-22,-32
-55,-24,-36
-53,-24,-31
-48,-23,-29
-53,-24,-31
-52,-23,-28
-57,-23,-28
-56,-23,-29
-58,-23,-26
-56,-23,-24
-56,-23,-22
-58,-23,-19
-57,-24,-18
-55,-22,-16
-59,-24,-19
-58,-24,-18
-55,-24,-16
-57,-23,-14
-61,-24,-16
-59,-24,-16
-59,-22,-12
-60,-23,-11
-62,-23,-12
-58,-22,-6
-60,-22,-9
-58,-23,-6
-60,-22,-8
-59,-23,-10
-58,-22,-7
-63,-24,-9
-59,-22,-11
-61,-22,-8
-63,-22,-8
-58,-21,-10
-61,-22,-9
-61,-22,-8
-59,-21,-9
-63,-21,-10
-63,-21,-10
-60,-20,-10
-60,-21,-10
-61,-22,-10
-59,-21,-10
-60,-21,-10
-60,-21,-10
-60,-21,-11
-61,-21,-12
-60,-21,-11
-60,-21,-11
-60,-21,-11
-62,-21,-13
-60,-21,-12
-60,-21,-12
-59,-21,-13
-59,-22,-13
-60,-20,-9
-57,-22,-11
-59,-22,-14
-60,-21,-16
-61,-21,-15
-60,-21,-15
-61,-21,-14
-59,-21,-10
-61,-21,-10
-58,-21,-8
-61,-21,-11
-61,-19,-11
-63,-20,-11
-64,-20,-13
-63,-19,-14
-60,-21,-8
-59,-22,-9
-59,-22,-10
-59,-22,-8
-57,-21,-6
-58,-22,-7
-62,-20,-9
-62,-20,-10
-64,-20,-12
-65,-21,-13
-59,-20,-10
-61,-21,-10
-58,-21,-9
-58,-23,-10
-59,-22,-10
-60,-21,-10
-62,-20,-11
-61,-20,-9
-62,-20,-10
-61,-21,-10
-60,-20,-8
-58,-20,-8
-56,-20,-11
-58,-20,-11
-59,-21,-16
-55,-21,-21
-57,-21,-28
-60,-22,-33
-58,-20,-32
-59,-20,-30
-55,-19,-26
-55,-19,-25
-55,-23,-27
-54,-20,-26
-53,-20,-22
-47,-20,-24
-57,-20,-37
-53,-13,-33
-50,-22,-25
-46,-22,-41
-53,-21,-42
-55,-16,-36
-55,-17,-37
-55,-16,-37
-54,-18,-36
-52,-17,-37
-51,-18,-36
-53,-23,-38
-48,-19,-30
-51,-19,-33
-45,-21,-40
-50,-17,-39
-58,-17,-30
-54,-15,-28
-55,-16,-29
-57,-21,-28
-60,-18,-23
-59,-18,-19
-56,-18,-19
-58,-18,-22
-58,-19,-23
-57,-19,-23
-58,-19,-22
-58,-18,-22
-59,-18,-23
-60,-18,-23
-62,-18,-23
-62,-18,-23
-59,-18,-22
-53,-20,-19
-57,-20,-20
-57,-19,-20
-56,-19,-20
-60,-19,-26
-60,-19,-26
-57,-18,-26
-58,-18,-28
-57,-18,-27
-58,-18,-26
-57,-18,-27
-54,-18,-28
-56,-19,-28
-56,-18,-28
-56,-19,-32
-47,-17,-27
-50,-11,-30
-55,-30,-39
-49,-17,-30
-54,-22,-32
-50,-16,-30
-55,-18,-33
-55,-18,-36
-52,-18,-41
-50,-19,-42
-50,-18,-40
-51,-17,-38
-48,-18,-36
-51,-18,-40
-47,-18,-38
-49,-18,-38
-50,-18,-38
-48,-18,-41
-48,-18,-37
-50,-20,-37
-49,-18,-38
-46,-18,-42
-45,-20,-44
-44,-19,-42
-44,-19,-41
-44,-18,-41
-45,-16,-41
-49,-18,-43
-51,-19,-46
-49,-18,-45
-47,-18,-44
-48,-17,-41
-49,-17,-41
-46,-17,-40
-47,-19,-41
-46,-19,-37
-45,-19,-39
-49,-19,-39
-48,-19,-41
-47,-18,-42
-47,-18,-43
-47,-19,-42
-48,-18,-41
-49,-18,-40
-47,-18,-38
-48,-19,-39
-47,-19,-39
-48,-19,-40
-49,-18,-40
-48,-18,-40
-49,-18,-40
-49,-19,-40
-49,-18,-40
-48,-19,-39
-48,-19,-40
-49,-18,-38
-48,-19,-38
-48,-19,-37
-50,-18,-40
-49,-18,-40
-47,-19,-38
-49,-17,-37
-50,-19,-39
-50,-18,-39
-50,-18,-37
-52,-18,-37
-54,-18,-37
-48,-18,-37
-48,-19,-37
-53,-20,-32
-53,-19,-30
-51,-19,-31
-49,-19,-34
-52,-20,-36
-52,-19,-35
-50,-19,-36
-51,-19,-37
-54,-18,-36
-49,-20,-33
-47,-20,-33
-49,-19,-36
-48,-19,-36
-47,-18,-37
-50,-20,-39
-54,-18,-40
-53,-17,-38
-45,-18,-40
-49,-22,-43
-50,-21,-41
-47,-19,-41
-47,-19,-41
-47,-19,-42
-44,-16,-35
-50,-16,-35
-51,-20,-40
-47,-19,-41
-46,-18,-41
-48,-19,-41
-48,-18,-39
-48,-18,-39
-47,-19,-39
-47,-19,-39
-48,-18,-39
-49,-18,-40
-49,-18,-40
-46,-19,-41
-48,-18,-40
-51,-18,-40
-51,-16,-40
-47,-17,-40
-44,-17,-39
-52,-16,-41
-49,-18,-40
-49,-17,-39
-48,-18,-37
-47,-18,-36
-46,-17,-40
-46,-16,-44
-46,-16,-45
-47,-16,-45
-51,-15,-41
-51,-16,-43
-43,-15,-45
-46,-16,-43
-46,-15,-41
-49,-16,-41
-50,-16,-40
-47,-16,-41
-44,-17,-49
-46,-16,-44
-50,-16,-41
-50,-16,-40
-49,-16,-40
-44,-18,-42
-43,-19,-45
-46,-18,-43
-45,-17,-42
-45,-16,-43
-44,-16,-43
-44,-18,-44
-45,-17,-46
-46,-16,-46
-44,-16,-46
-45,-16,-46
-43,-16,-46
-44,-17,-45
-44,-17,-46
-44,-17,-46
-44,-18,-45
-45,-17,-44
-45,-17,-44
-44,-18,-45
-44,-17,-43
-45,-17,-44
-45,-18,-42
-46,-17,-42
-46,-17,-44
-45,-18,-45
-43,-13,-36
-50,-19,-42
-50,-16,-44
-45,-17,-44
-47,-17,-42
-48,-18,-41
-48,-18,-40
-49,-18,-40
-46,-19,-41
-49,-15,-39
-52,-19,-40
-51,-17,-38
-49,-16,-36
-49,-17,-38
-49,-17,-38
-50,-17,-40
-50,-18,-40
-50,-16,-37
-50,-15,-35
-51,-17,-38
-48,-15,-40
-50,-17,-42
-50,-17,-42
-48,-16,-38
-49,-16,-39
-50,-16,-40
-51,-14,-42
-51,-15,-42
-50,-16,-42
-49,-16,-42
-49,-16,-40
-46,-17,-42
-49,-17,-41
-49,-17,-40
-49,-18,-38
-46,-18,-35
-47,-18,-35
-49,-18,-38
-50,-19,-41
-49,-18,-41
-50,-18,-40
-50,-18,-38
-49,-18,-38
-48,-19,-39
-51,-18,-38
-51,-19,-38
-51,-17,-38
-52,-17,-35
-55,-19,-33
-50,-19,-33
-45,-20,-33
-49,-20,-34
-43,-21,-34
-41,-19,-33
-52,-19,-38
-53,-17,-40
-48,-16,-42
-51,-16,-44
-50,-16,-44
-47,-16,-46
-41,-15,-42
-46,-15,-41
-52,-13,-41
-47,-15,-41
-44,-15,-42
-45,-14,-44
-42,-14,-47
-45,-13,-49
-44,-11,-50
-44,-10,-52
-43,-10,-53
-44,-10,-50
-45,-10,-49
-46,-9,-48
-40,-11,-47
-41,-11,-48
-47,-12,-53
-51,-6,-49
-50,-5,-47
-48,-8,-46
-53,-9,-47
-48,-11,-45
-53,-10,-42
-60,-10,-42
-47,-11,-40
-48,-10,-36
-54,-6,-34
-46,-18,-35
-51,-17,-35
-47,-16,-36
-45,-16,-35
-55,-18,-36
-55,-16,-37
-57,-15,-36
-50,-16,-37
-49,-17,-31
-66,-14,-26
-57,-13,-18
-49,-3,-9
-88,-15,-33
-43,-11,-15
-62,-16,-29
-60,-12,-27
-67,-9,-36
-58,-10,-32
-55,-16,-16
-67,-18,-22
-62,-13,-18
-59,-12,-15
-58,-14,-18
-61,-16,-18
-62,-15,-17
-60,-14,-16
-60,-15,-12
-58,-15,-11
-61,-14,-9
-61,-15,-9
-59,-14,-8
-63,-14,-10
-64,-14,-11
-64,-14,-12
-64,-14,-12
-65,-14,-12
-63,-15,-11
-62,-14,-10
-63,-14,-9
-62,-18,-10
-63,-13,-9
-61,-16,-9
-61,-16,-8
-61,-15,-7
-61,-14,-8
-63,-14,-6
-67,-14,-9
-62,-14,-7
-58,-16,-8
-62,-17,-12
-59,-20,-7
-60,-13,-6
-64,-16,-10
-64,-14,-10
-66,-13,-10
-67,-12,-12
-65,-14,-16
-64,-15,-13
-62,-14,-10
-57,-16,-7
-54,-14,-7
-64,-15,-9
-65,-13,-10
-63,-14,-14
-65,-15,-14
-63,-14,-10
-62,-15,-8
-64,-14,-8
-63,-15,-7
-63,-14,-6
-64,-15,-8
-63,-15,-10
-60,-15,-9
-63,-16,-9
-62,-15,-7
-62,-15,-6
-62,-15,-5
-63,-15,-4
-62,-15,-1
-61,-16,-3
-65,-17,-8
-59,-15,-9
-62,-16,-9
-63,-16,-9
-63,-15,-10
-62,-15,-8
-66,-15,-11
-64,-15,-11
-64,-14,-8
-64,-15,-7
-62,-15,-8
-64,-15,-9
-68,-14,-9
-62,-16,-7
-62,-17,-6
-60,-17,-2
-58,-18,-2
-60,-18,-3
-62,-16,-1
-65,-16,-1
-67,-15,-2
-60,-16,1
-61,-17,2
-62,-16,2
-64,-16,1
-65,-15,1
-63,-17,1
-62,-16,2
-63,-17,2
-63,-17,3
-63,-17,4
-60,-16,5
-63,-18,4
-62,-18,3
-85,-14,-13
-50,-16,19
-52,-20,17
-60,-18,15
-60,-19,16
-59,-17,17
-62,-18,16
-59,-20,14
-59,-20,15
-58,-18,17
-56,-19,18
-57,-20,18
-57,-18,19
-63,-19,20
-58,-18,21
-61,-17,15
-61,-19,16
-59,-18,21
-64,-17,18
-58,-16,20
-59,-19,18
-57,-19,17
-57,-19,17
-59,-20,18
-55,-18,21
-58,-19,20
-58,-19,18
-50,-20,21
-50,-20,19
-63,-18,9
-67,-17,9
-66,-16,8
-68,-15,7
-69,-15,7
-61,-16,8
-61,-18,4
-63,-18,3
-59,-19,6
-60,-18,8
-61,-18,9
-60,-18,12
-65,-18,9
-56,-18,13
-60,-15,13
-65,-23,11
-59,-13,14
-61,-20,11
-62,-17,12
-54,-18,13
-66,-19,7
-64,-18,7
-66,-17,9
-61,-17,13
-60,-19,13
-56,-19,15
-54,-20,13
-58,-21,9
-62,-18,10
-64,-18,11
-62,-18,13
-59,-20,13
-61,-19,12
-60,-18,12
-64,-19,11
-60,-19,12
-59,-19,10
-65,-19,9
-69,-17,10
-58,-19,16
-57,-19,15
-57,-19,13
-60,-19,15
-60,-18,15
-57,-18,18
-63,-19,12
-62,-19,13
-61,-18,14
-63,-19,11
-63,-19,13
-57,-19,18
-59,-19,17
-58,-19,17
-60,-19,19
-59,-18,19
-58,-19,20
-55,-19,22
-54,-19,24
-55,-19,21
-59,-20,18
-57,-19,10
-68,-19,12
-56,-16,21
-58,-18,20
-60,-19,14
-62,-19,13
-61,-19,15
-61,-17,17
-61,-17,19
-54,-19,22
-55,-19,20
-58,-18,20
-61,-18,20
-60,-19,17
-54,-19,20
-57,-18,18
-61,-18,16
-60,-19,16
-64,-17,17
-62,-18,12
-62,-18,12
-59,-19,11
-61,-19,12
-60,-18,14
-61,-18,13
-61,-17,13
-60,-18,13
-60,-19,12
-61,-19,12
-59,-17,15
-63,-18,14
-60,-18,13
-58,-20,10
-60,-20,10
-63,-18,11
-62,-18,11
-63,-18,10
-61,-18,12
-60,-19,12
-60,-19,11
-66,-18,8
-59,-19,15
-59,-19,15
-60,-19,15
-57,-19,17
-59,-19,17
-58,-19,17
-58,-19,19
-58,-19,19
-58,-19,19
-57,-19,20
-58,-19,19
-58,-19,20
-59,-19,21
-55,-18,21
-56,-20,11
-68,-20,9
-55,-19,22
-58,-18,21
-59,-20,19
-57,-18,21
-59,-19,18
-59,-19,17
-58,-19,20
-57,-19,20
-59,-19,18
-60,-19,19
-57,-19,20
-58,-19,19
-58,-19,18
-57,-20,18
-58,-18,20
-59,-19,19
-59,-19,19
-59,-18,19
-59,-18,18
-59,-18,17
-60,-19,18
-60,-18,18
-59,-19,17
-58,-19,17
-57,-19,17
-60,-18,17
-58,-19,16
-60,-18,16
-59,-18,18
-59,-19,17
-58,-18,18
-59,-19,17
-61,-19,16
-59,-18,16
-63,-18,15
-64,-17,15
-59,-19,15
-61,-18,15
-60,-18,16
-58,-18,16
-60,-19,16
-60,-19,16
-56,-18,15
-49,-21,20
-54,-21,18
-60,-20,15
-61,-18,17
-59,-19,19
-62,-17,18
-59,-17,17
-60,-19,15
-60,-19,14
-60,-20,15
-59,-19,16
-60,-19,16
-60,-19,16
-58,-19,16
-59,-19,15
-60,-19,15
-60,-19,14
-60,-19,15
-60,-19,15
-59,-18,17
-59,-19,17
-59,-19,16
-59,-20,13
-58,-20,16
-62,-18,18
-57,-18,19
-60,-18,17
-61,-19,16
-59,-19,16
-60,-19,16
-59,-19,16
-58,-19,16
-59,-19,17
-57,-19,18
-59,-19,17
-59,-19,17
-58,-19,18
-60,-19,17
-59,-19,17
-61,-19,17
-60,-19,18
-58,-19,17
-59,-19,16
-57,-20,17
-58,-20,16
-59,-20,18
-61,-19,19
-58,-18,24
-56,-19,24
-58,-20,20
-55,-20,23
-50,-21,25
-62,-19,20
-59,-19,18
-55,-20,15
-59,-22,15
-60,-19,14
-61,-18,14
-61,-19,14
-60,-19,14
-61,-20,14
-60,-19,15
-59,-19,15
-59,-19,15
-59,-20,14
-60,-19,14
-60,-19,14
-61,-19,14
-60,-19,14
-60,-19,14
-60,-19,14
-60,-19,14
-60,-19,14
-60,-19,14
-60,-19,14
-59,-19,13
-59,-19,13
-60,-19,14
-60,-19,13
-60,-19,13
-59,-20,12
-61,-19,13
-61,-19,14
-62,-19,14
-60,-19,14
-61,-20,13
-60,-19,18
-63,-17,16
-56,-19,16
-57,-22,17
-58,-20,17
-58,-20,17
-59,-20,15
-59,-20,15
-60,-20,15
-55,-20,18
-57,-19,15
-65,-19,9
-62,-19,13
-61,-19,11
-61,-19,10
-62,-19,10
-60,-18,11
-62,-19,10
-60,-18,12
-60,-19,11
-60,-19,11
-60,-19,11
-61,-19,11
-61,-19,11
-61,-19,11
-61,-18,11
-61,-18,11
-61,-19,11
-61,-19,11
-61,-19,11
-61,-19,11
-61,-19,11
-61,-19,11
-61,-19,11
-61,-19,11
-61,-19,11
-62,-19,10
-61,-19,12
-59,-19,13
-57,-19,14
-58,-19,13
-59,-19,14
-60,-19,13
-61,-19,13
-60,-19,13
-61,-19,13
-60,-19,13
-61,-19,13
-60,-19,14
-59,-19,14
-59,-19,14
-59,-19,14
-59,-19,14
-60,-19,13
-60,-19,13
-61,-19,14
-60,-19,14
-60,-20,13
-60,-19,12
-61,-20,12
-57,-19,14
-62,-18,17
-59,-18,20
-58,-19,19
-58,-20,12
-58,-21,10
-55,-21,7
-58,-20,4
-58,-20,4
-63,-18,1
-67,-17,1
-68,-13,2
-66,-21,2
-56,-15,-3
-59,-15,-11
-62,-25,-16
-59,-17,-21
-65,-19,-19
-62,-18,-15
-62,-17,-22
-67,-18,-19
-58,-19,-19
-63,-20,-21
-61,-18,-18
-55,-20,-10
-57,-20,-10
-60,-18,-10
-61,-19,-10
-61,-19,-11
-62,-18,-10
-61,-18,-12
-61,-19,-13
-58,-19,-16
-60,-18,-9
-63,-18,-8
-62,-18,-9
-64,-18,-11
-67,-17,-10
-61,-18,-16
-63,-19,-17
-62,-19,-16
-55,-19,-6
-56,-20,-6
-59,-19,-13
-62,-19,-8
-65,-23,-7
-62,-17,-8
-60,-19,-11
-61,-19,-13
-60,-20,-15
-60,-19,-13
-61,-19,-12
-62,-19,-12
-62,-19,-12
-60,-19,-10
-60,-19,-11
-60,-19,-11
-60,-20,-11
-61,-19,-11
-61,-19,-12
-61,-19,-12
-61,-19,-11
-60,-19,-11
-61,-19,-11
-62,-19,-11
-61,-19,-11
-61,-19,-11
-61,-19,-11
-61,-19,-10
-61,-19,-10
-61,-19,-9
-61,-19,-10
-61,-19,-10
-61,-19,-10
-62,-19,-10
-62,-19,-10
-63,-19,-10
-62,-19,-7
-61,-20,-6
-59,-20,-5
-59,-20,-5
-62,-20,-7
-63,-19,-7
-62,-20,-7
-62,-19,-7
-62,-19,-6
-61,-19,-5
-60,-19,-4
-60,-19,-4
-61,-20,-5
-62,-20,-7
-61,-19,-7
-61,-19,-8
-62,-19,-8
-63,-19,-8
-63,-19,-8
-62,-19,-8
-61,-19,-8
-62,-19,-8
-62,-19,-7
-62,-19,-7
-61,-19,-7
-61,-18,-8
-62,-18,-8
-62,-18,-9
-62,-18,-9
-62,-18,-10
-62,-18,-9
-61,-18,-9
-61,-18,-9
-62,-18,-9
-61,-19,-10
-61,-18,-9
-62,-18,-9
-62,-18,-9
-61,-19,-9
-62,-18,-10
-61,-18,-10
-61,-18,-11
-62,-18,-12
-62,-18,-12
-62,-18,-12
-62,-18,-11
-62,-18,-10
-61,-19,-9
-62,-18,-9
-61,-18,-9
-62,-18,-10
-61,-18,-11
-61,-18,-11
-61,-18,-10
-61,-18,-11
-62,-19,-11
-62,-17,-10
-62,-18,-11
-61,-18,-11
-61,-18,-11
-62,-18,-11
-62,-18,-11
-62,-18,-12
-61,-18,-11
-61,-18,-10
-61,-18,-11
-61,-18,-11
-62,-18,-12
-62,-18,-11
-62,-18,-11
-61,-18,-11
-61,-18,-11
-61,-18,-11
-61,-18,-11
-61,-18,-11
-61,-18,-12
-61,-18,-12
-61,-18,-12
-60,-18,-13
-62,-18,-13
-62,-18,-14
-62,-18,-14
-62,-18,-15
-62,-18,-14
-60,-19,-11
-59,-19,-11
-60,-19,-11
-60,-18,-11
-60,-18,-12
-61,-18,-13
-62,-18,-14
-63,-18,-15
-61,-18,-13
-61,-18,-13
-61,-18,-13
-61,-18,-13
-61,-18,-14
-61,-18,-14
-61,-18,-14
-61,-18,-14
-61,-18,-14
-61,-18,-13
-61,-18,-13
-61,-18,-14
-61,-18,-13
-61,-18,-11
-63,-18,-12
-62,-20,-12
-61,-19,-11
-60,-18,-12
-60,-19,-14
-59,-19,-17
-58,-20,-20
-59,-20,-20
-59,-20,-15
-60,-18,-13
-62,-18,-14
-64,-17,-14
-62,-18,-19
-60,-19,-20
-60,-19,-14
-57,-19,-14
-58,-19,-15
-61,-19,-15
-61,-18,-13
-61,-18,-13
-61,-18,-13
-61,-17,-13
-62,-17,-13
-62,-18,-14
-62,-17,-14
-62,-18,-14
-61,-17,-11
-61,-18,-8
-59,-19,-11
-60,-18,-13
-60,-17,-13
-62,-17,-13
-62,-18,-14
-63,-17,-13
-60,-16,-10
-59,-17,-12
-63,-17,-18
-63,-17,-13
-61,-16,-12
-59,-18,-16
-60,-17,-17
-61,-17,-14
-63,-15,-9
-64,-16,-13
-63,-17,-14
-59,-18,-14
-59,-18,-14
-60,-18,-15
-61,-17,-15
-62,-17,-15
-61,-17,-15
-63,-16,-15
-62,-16,-12
-65,-19,-16
-59,-18,-18
-57,-19,-17
-57,-17,-15
-62,-18,-16
-63,-17,-17
-63,-17,-18
-61,-17,-17
-59,-17,-15
-60,-18,-15
-59,-18,-15
-58,-18,-16
-58,-17,-16
-59,-17,-16
-56,-17,-22
-52,-19,-27
-50,-18,-33
-63,-17,-35
-59,-18,-31
-54,-15,-34
-55,-17,-38
-54,-17,-36
-52,-16,-35
-54,-17,-35
-57,-16,-36
-54,-16,-34
-53,-17,-33
-51,-18,-35
-51,-17,-42
-47,-17,-40
-48,-17,-39
-49,-16,-35
-47,-17,-32
-51,-18,-39
-49,-16,-31
-48,-16,-27
-54,-18,-36
-55,-16,-41
-54,-16,-41
-52,-17,-40
-51,-17,-39
-53,-17,-39
-51,-19,-37
-51,-17,-34
-55,-16,-32
-56,-18,-30
-53,-17,-28
-51,-18,-28
-55,-19,-30
-53,-18,-30
-53,-22,-33
-57,-15,-35
-55,-17,-35
-50,-18,-33
-49,-19,-28
-51,-18,-28
-57,-16,-30
-61,-15,-31
-62,-15,-32
-59,-15,-34
-58,-14,-32
-59,-14,-29
-59,-15,-29
-59,-15,-29
-52,-17,-29
-56,-15,-24
-57,-16,-22
-54,-16,-24
-53,-18,-28
-49,-19,-31
-51,-19,-34
-54,-18,-32
-54,-17,-32
-56,-16,-34
-55,-16,-34
-60,-16,-35
-64,-15,-35
-60,-16,-38
-51,-17,-40
-50,-19,-35
-47,-20,-31
-47,-19,-27
-49,-19,-26
-52,-19,-27
-54,-18,-27
-56,-18,-30
-57,-18,-32
-57,-17,-35
-56,-18,-36
-56,-17,-34
-57,-17,-33
-55,-17,-33
-55,-18,-34
-53,-19,-31
-54,-19,-30
-54,-19,-29
-54,-19,-27
-54,-19,-27
-54,-20,-29
-55,-19,-29
-56,-19,-29
-56,-19,-30
-56,-19,-30
-54,-19,-29
-53,-20,-28
-53,-21,-27
-54,-14,-22
-51,-27,-27
-54,-18,-26
-56,-19,-30
-56,-18,-31
-57,-18,-31
-59,-17,-31
-57,-17,-31
-55,-18,-32
-56,-17,-29
-55,-17,-27
-57,-17,-27
-55,-17,-26
-55,-19,-26
-55,-18,-28
-57,-17,-28
-57,-17,-28
-57,-18,-29
-56,-18,-29
-55,-18,-30
-54,-18,-30
-55,-18,-29
-56,-17,-28
-57,-18,-29
-57,-18,-29
-56,-18,-29
-55,-18,-29
-56,-18,-29
-56,-18,-28
-54,-18,-30
-54,-17,-30
-57,-18,-29
-51,-18,-29
-49,-19,-30
-52,-19,-29
-56,-17,-30
-61,-15,-30
-60,-16,-31
-56,-17,-31
-54,-18,-33
-53,-18,-30
-54,-18,-30
-55,-18,-29
-55,-18,-29
-55,-18,-29
-56,-18,-30
-55,-18,-30
-55,-18,-30
-55,-18,-30
-55,-18,-29
-55,-18,-29
-56,-18,-30
-56,-18,-30
-55,-18,-31
-54,-18,-30
-54,-18,-32
-58,-17,-30
-58,-17,-29
-57,-18,-29
-53,-19,-29
-53,-19,-29
-54,-18,-29
-56,-18,-29
-56,-18,-30
-53,-19,-30
-47,-19,-26
-43,-19,-26
-47,-19,-34
-52,-18,-41
-55,-17,-45
-58,-14,-47
-55,-16,-46
-51,-16,-45
-47,-18,-41
-46,-19,-36
-45,-19,-34
-46,-19,-35
-49,-19,-38
-49,-19,-38
-48,-18,-37
-46,-18,-35
-47,-19,-37
-49,-19,-46
-50,-18,-47
-49,-17,-43
-46,-18,-40
-45,-18,-39
-46,-19,-41
-46,-18,-42
-46,-18,-42
-47,-18,-41
-47,-18,-42
-49,-18,-42
-50,-18,-42
-51,-18,-42
-52,-17,-41
-51,-17,-36
-52,-18,-35
-55,-18,-35
-52,-17,-32
-49,-18,-31
-51,-18,-27
-55,-17,-27
-56,-16,-29
-56,-16,-29
-59,-15,-28
-59,-16,-26
-58,-16,-25
-58,-16,-23
-55,-16,-20
-52,-15,-31
-50,-20,-37
-49,-19,-42
-47,-21,-33
-47,-13,-33
-55,-18,-38
-55,-15,-42
-47,-18,-46
-43,-19,-47
-41,-19,-46
-43,-18,-43
-46,-18,-43
-46,-18,-43
-49,-18,-43
-48,-18,-44
-47,-18,-43
-50,-16,-42
-54,-18,-39
-47,-16,-34
-51,-19,-37
-52,-18,-38
-46,-19,-38
-46,-20,-40
-46,-20,-40
-46,-18,-38
-48,-19,-39
-49,-18,-39
-50,-18,-39
-51,-18,-39
-51,-18,-39
-51,-18,-40
-50,-19,-40
-46,-18,-38
-43,-20,-40
-44,-19,-40
-48,-18,-39
-52,-18,-39
-53,-18,-39
-50,-18,-39
-48,-18,-39
-49,-18,-38
-50,-18,-39
-49,-19,-40
-48,-19,-40
-47,-19,-39
-49,-19,-40
-48,-19,-40
-45,-20,-40
-43,-20,-39
-46,-21,-45
-48,-18,-34
-46,-16,-23
-59,-17,-33
-56,-20,-42
-55,-19,-46
-57,-18,-47
-55,-20,-37
-50,-20,-34
-46,-3,-20
-44,-21,-15
-49,-23,-18
-51,-29,-13
-54,-26,-14
-54,-38,-30
-53,-19,-25
-61,-12,-24
-58,-21,-25
-53,-21,-27
-59,-21,-31
-57,-22,-29
-56,-20,-24
-61,-23,-26
-56,-20,-25
-55,-21,-25
-56,-22,-27
-55,-22,-25
-57,-21,-27
-58,-21,-27
-55,-22,-27
-55,-21,-26
-56,-22,-25
-55,-21,-25
-55,-22,-25
-56,-22,-25
-55,-21,-26
-55,-22,-26
-56,-22,-27
-55,-21,-29
-56,-23,-27
-54,-21,-25
-55,-22,-27
-55,-21,-28
-56,-21,-29
-57,-21,-29
-55,-21,-28
-55,-21,-27
-54,-22,-26
-53,-22,-27
-55,-22,-28
-55,-21,-27
-56,-21,-28
-56,-21,-27
-56,-21,-26
-55,-22,-26
-54,-22,-26
-54,-22,-26
-55,-22,-27
-55,-22,-27
-55,-22,-27
-55,-22,-26
-55,-21,-26
-56,-21,-26
-55,-22,-27
-55,-22,-27
-55,-22,-26
-55,-21,-26
-55,-22,-26
-55,-22,-26
-55,-21,-27
-55,-22,-27
-56,-21,-26
-56,-21,-26
-55,-22,-26
-55,-21,-26
-55,-22,-26
-55,-22,-26
-56,-22,-27
-56,-21,-27
-56,-22,-27
-56,-22,-26
-54,-22,-27
-55,-22,-26
-55,-22,-26
-56,-22,-28
-55,-22,-27
-55,-22,-27
-55,-22,-27
-55,-22,-26
-55,-22,-27
-54,-22,-27
-55,-22,-27
-56,-22,-27
-55,-21,-27
-55,-22,-27
-55,-22,-26
-54,-22,-26
-54,-21,-27
-55,-22,-28
-55,-21,-28
-56,-21,-28
-56,-21,-28
-56,-21,-28
-56,-22,-27
-53,-23,-26
-55,-22,-28
-54,-22,-27
-52,-22,-26
-52,-22,-26
-55,-22,-27
-57,-21,-29
-59,-21,-28
-57,-21,-28
-56,-21,-27
-58,-22,-27
-57,-23,-27
-51,-23,-26
-49,-24,-26
-50,-25,-26
-48,-25,-22
-54,-23,-24
-58,-22,-28
-58,-23,-29
-55,-23,-26
-52,-23,-25
-53,-22,-26
-54,-22,-27
-53,-22,-28
-54,-22,-29
-57,-21,-31
-58,-21,-30
-56,-21,-29
-54,-21,-28
-53,-22,-29
-53,-22,-29
-53,-22,-29
-53,-22,-29
-54,-22,-28
-56,-22,-27
-54,-21,-28
-54,-22,-29
-55,-21,-28
-55,-21,-29
-56,-21,-28
-55,-21,-27
-56,-21,-26
-56,-21,-27
-56,-22,-27
-54,-22,-26
-54,-22,-24
-54,-23,-24
-54,-22,-25
-56,-22,-24
-57,-22,-24
-58,-21,-24
-57,-21,-24
-57,-22,-25
-56,-21,-24
-55,-22,-24
-54,-22,-23
-56,-23,-27
-56,-22,-26
-57,-22,-27
-55,-22,-26
-56,-23,-27
-54,-22,-25
-56,-23,-25
-54,-24,-25
-54,-23,-26
-56,-22,-26
-56,-22,-26
-55,-23,-26
-55,-23,-27
-55,-23,-27
-54,-23,-27
-55,-23,-25
-55,-23,-23
-54,-23,-24
-54,-23,-26
-54,-24,-26
-58,-22,-26
-57,-22,-26
-54,-23,-25
-55,-23,-27
-54,-23,-26
-55,-22,-26
-56,-22,-27
-56,-22,-26
-55,-23,-26
-54,-23,-26
-55,-22,-27
-55,-22,-26
-55,-23,-27
-55,-22,-26
-54,-22,-25
-55,-23,-26
-55,-22,-26
-55,-22,-26
-56,-23,-27
-55,-22,-26
-55,-23,-26
-55,-23,-26
-55,-22,-26
-55,-23,-25
-55,-23,-25
-55,-23,-26
-54,-23,-26
-55,-23,-26
-55,-23,-26
-55,-22,-26
-55,-23,-26
-56,-23,-26
-57,-22,-26
-55,-22,-25
-55,-23,-24
-55,-23,-25
-53,-23,-26
-53,-23,-27
-54,-23,-28
-55,-23,-29
-54,-23,-29
-54,-23,-29
-55,-23,-27
-54,-23,-27
-54,-22,-28
-51,-24,-28
-51,-23,-28
-51,-23,-31
-52,-22,-33
-54,-22,-34
-53,-21,-34
-53,-22,-34
-51,-22,-35
-52,-21,-36
-52,-21,-36
-51,-22,-36
-50,-24,-32
-49,-23,-29
-50,-23,-29
-50,-22,-31
-50,-22,-32
-53,-21,-34
-53,-21,-34
-52,-22,-33
-53,-20,-34
-51,-20,-36
-50,-21,-38
-51,-21,-40
-50,-21,-39
-53,-21,-33
-53,-21,-32
-53,-21,-33
-50,-22,-33
-47,-23,-30
-47,-22,-31
-51,-21,-33
-52,-22,-38
-49,-21,-39
-48,-23,-40
-48,-23,-39
-49,-21,-36
-50,-22,-35
-50,-22,-36
-50,-22,-36
-49,-22,-32
-47,-24,-32
-44,-23,-35
-46,-21,-39
-47,-21,-41
-50,-21,-43
-51,-20,-42
-48,-21,-42
-47,-20,-39
-47,-20,-38
-45,-21,-38
-43,-21,-41
-42,-21,-42
-44,-21,-46
-46,-19,-44
-49,-19,-46
-49,-21,-48
-50,-20,-42
-49,-21,-41
-47,-20,-40
-48,-20,-39
-53,-21,-38
-57,-21,-34
-58,-21,-32
-58,-21,-22
-56,-20,-18
-54,-20,-14
-60,-3,-5
-59,-17,-20
-56,-20,-19
-57,-19,-8
-55,-23,-1
-37,-23,7
-72,-22,-21
-68,-27,-22
-75,-15,-15
-66,-15,-7
-64,-14,-8
-55,-22,-12
-57,-25,-12
-63,-18,-5
-66,-14,1
-65,-8,9
-62,-8,7
-60,-6,3
-69,-1,-2
-76,1,-7
-65,3,-7
-69,0,-11
-68,0,-10
-69,0,-9
-65,-2,-3
-63,-3,0
-65,-3,1
-66,-2,1
-63,-1,5
-66,1,7
-64,0,5
-64,1,7
-64,1,5
-65,1,4
-62,-6,0
-66,-1,2
-65,-2,2
-66,0,1
-66,0,1
-65,1,2
-65,0,2
-65,0,0
-66,1,1
-64,0,4
-64,0,4
-65,0,2
-65,0,2
-65,-2,1
-65,0,0
-66,0,1
-70,3,0
-67,1,3
-64,1,7
-64,0,8
-63,0,5
-68,-1,1
-73,-3,-4
-51,-24,7
-48,-12,12
-65,-3,9
-59,-3,8
-76,-1,-9
-76,6,-3
-72,3,-2
-68,5,2
-65,8,9
-58,11,16
-59,11,22
-49,-2,28
-49,-5,31
-55,-6,26
-53,-6,29
-58,-5,25
-68,4,20
-60,-3,12
-69,-3,7
-71,-1,-6
-70,-2,-6
-68,-3,0
-66,-4,4
-67,0,7
-60,-4,14
-62,-4,13
-62,-3,15
-60,0,23
-57,1,26
-57,1,26
-59,0,25
-62,0,21
-63,-1,19
-64,1,16
-64,-2,14
-62,-4,16
-62,-4,17
-60,-5,18
-61,-3,18
-63,1,20
-63,2,19
-67,1,11
-64,0,9
-65,0,11
-65,1,15
-59,-3,16
-62,-2,17
-65,0,16
-61,-2,16
-59,-4,18
-62,-1,18
-63,-1,15
-67,1,9
-65,-1,8
-66,-2,8
-66,-2,9
-64,-3,11
-64,-2,13
-58,-3,15
-67,-3,14
-58,-2,19
-60,-1,15
-63,-1,12
-68,-1,6
-69,1,4
-66,-2,5
-62,-2,13
-62,-1,15
-62,-1,15
-64,-1,12
-64,-1,10
-65,-1,10
-64,-2,11
-64,-3,10
-64,-2,10
-63,-2,11
-63,-2,11
-63,-3,11
-65,-3,11
-67,0,10
-65,-2,9
-65,-1,10
-65,0,11
-64,-2,12
-62,-3,15
-62,-2,15
-62,-3,14
-64,-2,13
-63,-2,12
-64,-3,12
-64,-1,12
-64,-2,11
-65,-1,11
-64,-1,11
-64,-2,12
-63,-3,13
-63,-1,14
-64,-2,14
-63,-3,14
-63,-3,14
-63,-5,13
-64,-3,13
-63,-2,13
-63,-2,14
-63,-2,14
-63,-2,14
-63,-2,14
-63,-2,14
-63,-2,14
-64,-1,13
-64,-2,13
-64,-2,12
-63,-2,13
-63,-2,14
-63,-2,14
-63,-2,14
-63,-2,14
-63,-2,14
-63,-2,14
-64,-2,13
-63,-2,13
-64,-2,13
-63,-2,14
-64,-2,13
-63,-2,14
-63,-1,13
-64,-2,13
-64,-2,13
-64,-2,13
-63,-2,14
-63,-2,14
-63,-2,13
-63,-2,14
-63,-1,14
-63,-2,13
-63,-2,13
-63,-2,13
-63,-2,14
-63,-2,14
-63,-2,14
-64,-1,13
-63,-2,13
-63,-2,12
-65,-1,11
-66,-2,13
-61,-2,15
-64,-3,14
-62,-2,14
-64,-3,11
-64,-3,12
-64,-3,7
-68,-3,4
-67,-2,6
-64,-3,8
-65,-3,9
-64,-2,10
-65,-2,10
-64,-2,11
-63,-3,11
-64,-2,15
-62,-2,17
-62,-3,15
-68,-2,7
-66,0,8
-61,-2,16
-62,-2,16
-64,-1,15
-63,-3,12
-64,-3,10
-65,-3,11
-64,-2,12
-64,-2,12
-62,-2,13
-63,-2,12
-63,-2,12
-64,-2,14
-63,-2,15
-63,-2,15
-63,-2,14
-63,-2,14
-63,-2,14
-63,-2,13
-63,-3,13
-64,-2,14
-63,-2,14
-63,-2,14
-63,-2,14
-63,0,14
-63,-1,14
-64,-2,13
-64,-3,13
-63,-3,13
-63,-4,13
-63,-2,14
-63,-3,14
-63,-2,14
-63,-2,13
-63,-2,13
-63,-3,14
-63,-3,14
-63,-3,14
-63,-2,14
-64,-2,13
-63,-2,13
-64,-2,14
-63,-2,13
-63,-2,13
-63,-3,13
-63,-3,13
-63,-3,13
-63,-3,13
-63,-2,13
-63,-2,13
-63,-2,14
-63,-2,13
-63,-2,14
-63,-2,13
-63,-2,13
-63,-2,13
-64,-2,13
-63,-3,13
-63,-2,14
-63,-2,14
-63,-2,14
-63,-2,13
-63,-2,13
-63,-2,14
-63,-2,14
-63,-2,13
-64,-2,13
-63,-2,14
-63,-2,14
-63,-3,13
-63,-3,13
-63,-2,13
-63,-2,14
-63,-2,14
-64,-2,13
-63,-2,13
-63,-2,14
-63,-2,13
-63,-2,13
-64,-3,13
-63,-2,14
-63,-2,13
-64,-2,13
-64,-3,13
-63,-2,13
-63,-2,14
-63,-2,14
-63,-2,14
-63,-2,13
-64,-2,13
-63,-2,13
-63,-3,14
-63,-2,13
-63,-2,13
-63,-2,13
-64,-2,13
-63,-2,14
-63,-2,14
-63,-3,14
-63,-3,14
-63,-3,15
-63,-3,15
-63,-3,14
-64,-3,13
-64,-3,13
-63,-2,14
-63,-2,14
-63,-2,14
-63,-2,14
-63,-2,13
-63,-2,14
-63,-2,14
-63,-3,13
-63,-2,14
-63,-2,13
-63,-2,13
-63,-2,13
-63,-2,13
-63,-2,13
-63,-2,13
-63,-2,13
-63,-2,13
-64,-2,13
-64,-2,13
-63,-2,14
-63,-2,15
-63,-2,15
-63,-2,15
-63,-2,14
-63,-2,14
-63,-2,14
-63,-2,14
-63,-2,15
-63,-1,16
-63,-1,16
-64,-4,11
-63,-5,11
-64,-4,11
-64,-3,11
-64,-3,13
-63,-2,13
-63,-3,14
-63,-3,14
-63,-2,14
-63,-2,15
-63,-2,14
-63,-2,14
-64,-2,13
-64,-2,14
-63,-2,15
-63,-2,14
-64,-2,14
-63,-2,15
-63,-2,14
-63,-2,14
-63,-2,15
-63,-2,15
-63,-2,15
-64,-2,14
-63,-2,15
-63,-2,15
-63,-2,15
-63,-2,15
-62,-2,16
-67,-2,11
-61,-3,15
-63,-2,15
-63,-1,16
-62,-2,16
-63,-2,15
-64,-2,15
-63,-3,15
-63,-2,16
-62,-2,16
-63,-2,16
-63,-2,15
-63,-2,16
-63,-2,16
-63,-3,15
-63,-2,15
-62,-3,17
-61,-2,18
-61,-2,18
-62,-2,17
-63,-2,16
-63,-2,16
-63,-2,17
-62,-2,17
-63,-3,17
-62,-2,17
-62,-2,17
-62,-2,17
-63,-2,17
-63,-2,17
-62,-2,17
-63,-2,16
-63,-2,17
-61,-1,17
-63,-2,16
-63,-3,16
-63,-2,16
-63,-1,16
-62,-3,17
-62,-4,17
-62,-3,17
-62,-3,16
-63,-2,16
-63,-2,16
-63,-2,16
-63,-2,16
-63,-2,16
-63,-2,16
-63,-2,16
-63,-3,16
-63,-2,16
-63,-3,16
-63,-3,16
-63,-2,16
-62,-2,17
-63,-2,16
-63,-3,16
-63,-2,16
-63,-2,16
-63,-2,16
-63,-3,16
-63,-3,16
-63,-3,17
-62,-3,17
-63,-3,17
-63,-2,17
-64,-3,16
-62,-3,18
-63,-3,19
-61,-1,21
-59,-3,23
-59,-3,22
-60,-3,23
-59,-3,24
-60,-3,21
-61,-3,19
-64,-3,18
-63,-3,18
-61,-3,20
-61,-3,21
-61,-3,21
-61,-2,22
-61,-2,22
-61,-2,21
-60,-2,21
-62,-1,20
-63,-2,19
-61,-2,21
-60,-3,22
-60,-3,23
-61,-3,23
-61,-2,22
-61,-1,23
-60,-2,23
-61,-2,23
-60,-1,23
-59,0,24
-65,1,21
-65,-3,14
-63,-1,16
-66,-5,16
-58,-5,21
-62,-5,17
-63,-6,15
-61,-4,17
-59,-6,18
-56,-4,25
-56,-5,24
-61,-4,21
-63,-3,20
-62,-3,20
-61,-3,22
-60,-3,23
-60,-1,27
-63,-2,28
-58,-3,23
-58,-3,22
-62,-4,22
-61,-4,22
-60,-3,24
-57,-4,25
-60,-3,26
-57,-3,27
-58,-4,27
-58,-3,27
-59,-3,24
-60,-3,24
-60,-3,24
-59,-3,26
-59,-3,26
-60,-3,26
-60,-3,24
-60,-3,24
-60,-3,23
-60,-3,24
-59,-3,24
-60,-3,25
-59,-5,23
-59,-3,23
-60,-3,23
-60,-3,25
-60,-3,25
-59,-2,26
-59,-2,27
-58,-2,26
-60,-3,24
-62,-3,23
-60,-3,22
-60,-3,23
-61,-2,23
-59,-2,24
-59,-3,25
-61,-1,25
-60,-3,24
-62,-4,22
-61,-4,20
-63,-4,18
-62,-4,20
-59,-3,24
-58,-3,25
-59,-3,25
-60,-3,23
-61,-3,23
-61,-3,22
-60,-3,22
-61,-4,23
-60,-4,23
-60,-3,23
-60,-4,23
-60,-4,23
-61,-3,22
-61,-3,22
-60,-4,22
-61,-4,21
-61,-3,22
-59,-3,26
-59,-2,25
-59,-3,24
-61,-3,22
-61,-3,23
-61,-3,22
-61,-4,22
-61,-3,23
-60,-3,24
-58,-3,25
-59,-4,22
-63,-2,22
-62,-3,23
-59,-2,23
-62,-3,23
-59,-4,24
-59,-3,24
-57,-4,26
-62,-4,23
-61,-4,23
-60,-4,23
-61,-4,23
-60,-4,24
-60,-4,25
-60,-4,24
-60,-3,24
-60,-4,24
-59,-4,24
-60,-4,23
-61,-3,23
-60,-4,24
-60,-3,24
-60,-3,24
-60,-3,24
-60,-4,23
-60,-4,24
-60,-4,24
-60,-4,24
-60,-4,24
-60,-4,24
-60,-4,23
-61,-4,23
-61,-4,23
-60,-4,23
-60,-4,24
-60,-3,24
-61,-4,23
-61,-4,23
-60,-4,24
-60,-4,24
-60,-4,24
-60,-4,23
-60,-4,23
-60,-4,24
-60,-4,24
-60,-4,24
-60,-4,24
-60,-4,23
-60,-4,23
-60,-4,24
-60,-4,24
-60,-4,24
-60,-4,23
-60,-4,23
-60,-4,24
-60,-4,23
-60,-4,23
-60,-4,24
-59,-4,24
-60,-4,23
-59,-4,24
-60,-4,23
-61,-4,23
-60,-4,23
-60,-4,24
-60,-4,24
-60,-4,24
-60,-4,24
-60,-4,24
-60,-4,24
-60,-4,23
-60,-4,24
-60,-4,24
-60,-4,24
-60,-4,23
-60,-4,23
-60,-4,24
-60,-4,24
-60,-4,24
-60,-4,24
-60,-4,23
-60,-4,24
-60,-4,24
-60,-4,24
-60,-4,24
-59,-4,24
-60,-3,25
-59,-3,25
-59,-3,24
-61,-4,23
-61,-4,22
-61,-4,23
-60,-3,23
-60,-3,24
-60,-3,24
-60,-4,23
-60,-4,23
-60,-4,23
-60,-4,24
-60,-4,24
-60,-3,24
-60,-3,24
-60,-4,23
-60,-4,23
-60,-4,23
-60,-4,23
-60,-4,24
-60,-4,24
-60,-4,23
-61,-4,23
-61,-3,23
-62,-4,21
-59,-4,24
-70,-4,23
-54,-3,27
-53,-4,28
-58,-5,30
-55,-4,29
-56,-4,29
-56,-5,32
-56,-5,31
-56,-4,31
-61,-4,32
-60,-4,30
-53,-5,34
-53,-7,37
-52,-8,37
-48,-7,39
-49,-7,41
-49,-8,42
-46,-7,40
-46,-8,40
-48,-8,41
-50,-9,42
-51,-8,39
-49,-8,38
-48,-9,40
-50,-8,41
-44,-9,40
-44,-12,42
-44,-11,43
-56,-4,40
-52,-5,40
-48,-7,37
-49,-8,45
-48,-8,43
-49,-8,39
-51,-10,38
-50,-10,39
-45,-9,43
-44,-10,47
-40,-10,48
-35,-11,47
-36,-12,49
-38,-11,49
-41,-10,46
-41,-9,48
-40,-9,48
-36,-9,51
-40,-8,49
-41,-9,51
-35,-11,50
-35,-10,51
-35,-10,53
-36,-10,50
-37,-11,49
-40,-9,51
-39,-8,54
-40,-7,48
-42,-5,48
-41,-5,50
-40,-5,50
-39,-7,48
-36,-9,48
-36,-10,50
-35,-12,54
-31,-12,54
-31,-11,54
-29,-8,57
-28,-8,56
-34,-10,56
-36,-10,49
-38,-10,47
-34,-11,48
-28,-8,51
-20,-10,47
-34,-10,48
-51,-14,51
-56,-12,47
-54,-11,45
-45,-10,42
-49,-9,38
-54,-10,43
-52,-9,37
-45,-13,38
-42,-14,36
-40,-12,45
-57,-11,45
-32,-10,48
-36,-11,46
-35,-14,47
-33,-13,44
-31,-14,51
-38,-11,55
-40,-10,52
-46,-10,53
-45,-7,52
-43,-9,48
-39,-13,47
-31,-17,47
-29,-16,46
-34,-14,51
-27,-11,49
-29,-11,50
-27,-11,58
-23,-11,58
-24,-12,57
-23,-13,57
-23,-13,56
-25,-13,61
-25,-14,56
-26,-14,50
-32,-8,52
-33,-9,55
-29,-10,53
-32,-10,56
-28,-10,55
-27,-11,55
-27,-12,57
-27,-12,56
-27,-11,55
-27,-10,55
-27,-10,54
-19,-9,51
-19,-7,53
-25,-9,60
-22,-12,68
-37,-15,44
-35,-18,39
-44,-19,32
-73,-11,18
-77,-4,17
-66,-7,14
-59,-9,15
-62,-8,20
-68,-7,22
-63,-7,19
-61,-9,14
-65,-9,14
-63,-9,12
-64,-10,11
-63,-9,9
-62,-10,9
-63,-10,11
-60,-10,10
-62,-9,13
-61,-9,12
-73,-8,10
-66,-9,9
-58,-12,6
-61,-13,6
-65,-14,4
-65,-9,6
-64,-9,7
-66,-9,9
-59,-6,14
-57,-8,14
-63,-10,10
-66,-13,4
-64,-13,7
-61,-11,10
-64,-11,4
-65,-11,7
-65,-11,10
-64,-10,13
-55,-11,11
-62,-11,8
-62,-13,5
-64,-10,3
-66,-7,5
-66,-7,4
-68,-7,4
-62,-9,5
-62,-10,4
-62,-10,1
-68,-9,0
-63,-9,3
-63,-10,0
-64,-10,5
-63,-7,6
-69,-8,-2
-69,-6,1
-65,-5,5
-63,-7,3
-65,-7,2
-65,-8,2
-63,-10,-2
-65,-10,-3
-65,-10,-6
-63,-9,-6
-64,-11,-7
-65,-10,-4
-65,-9,-2
-66,-9,1
-65,-9,2
-62,-9,2
-65,-8,-1
-64,-7,4
-63,-7,4
-64,-7,4
-64,-7,4
-64,-8,4
-66,-8,4
-65,-8,3
-63,-9,2
-66,-9,1
-64,-9,1
-64,-9,2
-65,-8,1
-65,-8,2
-63,-8,3
-64,-8,4
-63,-8,4
-64,-8,4
-65,-8,4
-64,-7,3
-66,-8,1
-65,-8,3
-64,-8,3
-65,-8,5
-65,-8,4
-61,-9,7
-65,-8,6
-64,-8,7
-64,-8,7
-65,-8,7
-64,-8,7
-63,-8,7
-64,-8,7
-63,-8,7
-64,-8,7
-64,-8,7
-63,-8,8
-64,-8,7
-64,-8,7
-64,-8,7
-63,-8,7
-64,-8,7
-64,-8,8
-64,-8,7
-64,-8,7
-64,-8,7
-64,-8,8
-64,-8,7
-63,-8,7
-64,-8,7
-64,-8,7
-65,-8,8
-64,-8,8
-64,-9,6
-64,-9,6
-64,-9,7
-64,-9,7
-63,-9,7
-63,-9,7
-63,-9,8
-65,-9,7
-65,-9,8
-63,-9,8
-64,-8,8
-65,-8,6
-64,-8,8
-63,-8,8
-63,-8,8
-64,-8,10
-66,-7,11
-64,-7,10
-64,-8,9
-65,-10,6
-64,-9,7
-63,-9,8
-64,-10,7
-63,-10,7
-63,-9,10
-63,-10,11
-61,-10,8
-62,-11,9
-62,-9,12
-61,-10,12
-61,-10,11
-60,-10,10
-66,-9,12
-63,-10,9
-63,-9,7
-62,-10,9
-63,-10,7
-72,-8,11
-70,-8,9
-63,-8,10
-59,-10,12
-62,-10,9
-61,-11,8
-64,-10,7
-65,-10,6
-62,-9,8
-66,-9,11
-67,-10,9
-66,-10,7
-64,-9,8
-64,-13,9
-64,-10,10
-59,-12,8
-62,-10,8
-60,-12,10
-64,-12,8
-63,-11,7
-63,-12,7
-65,-12,4
-63,-12,6
-67,-10,6
-64,-10,7
-66,-10,6
-64,-12,7
-65,-11,9
-63,-12,8
-63,-11,7
-68,-13,3
-59,-11,14
-45,-15,6
-81,-15,18
-38,-13,1
-54,-4,20
-60,-13,24
-56,-13,22
-69,-13,19
-58,-11,18
-63,-11,26
-54,-14,13
-50,-15,26
-48,-20,28
-43,-24,23
-57,-15,28
-65,-11,20
-86,-3,-10
-70,-8,12
-61,-7,0
-61,-12,8
-55,-18,8
-62,-17,10
-61,-18,8
-60,-15,8
-68,-11,6
-65,-12,6
-69,-10,7
-67,-10,9
-53,-12,6
-64,-12,5
-63,-14,4
-67,-10,4
-59,-11,6
-67,-12,-2
-65,-11,7
-72,-11,3
-66,-9,6
-65,-11,4
-55,-11,15
-61,-17,9
-68,-14,16
-49,-17,18
-49,-18,16
-54,-17,14
-58,-18,29
-63,-17,26
-60,-17,31
-75,-7,21
-54,-10,20
-54,-11,18
-57,-13,12
-64,-17,7
-65,-18,5
-68,-14,1
-69,-14,2
-63,-15,5
-63,-15,5
-63,-16,7
-61,-16,8
-61,-16,9
-62,-15,9
-62,-15,9
-63,-15,10
-62,-16,9
-62,-16,9
-61,-16,9
-61,-16,9
-62,-16,9
-61,-16,8
-62,-16,8
-61,-16,7
-63,-16,8
-62,-16,8
-63,-15,9
-62,-15,9
-62,-15,8
-63,-15,9
-62,-15,10
-62,-15,10
-62,-15,10
-62,-15,9
-62,-15,9
-62,-15,9
-62,-15,9
-62,-15,9
-63,-15,9
-63,-13,11
-59,-15,11
-62,-14,10
-58,-15,7
-52,-17,0
-70,-12,3
-76,-3,17
-66,-4,18
-63,-6,16
-63,-6,18
-61,-8,18
-61,-9,17
-60,-10,15
-61,-11,12
-63,-12,10
-63,-12,9
-65,-11,10
-63,-10,11
-63,-11,10
-64,-10,12
-62,-10,13
-63,-10,14
-61,-11,12
-63,-11,12
-63,-11,12
-64,-11,12
-60,-9,14
-61,-10,14
-65,-9,12
-63,-9,15
-64,-9,14
-63,-10,13
-62,-10,13
-62,-10,15
-62,-11,11
-63,-12,11
-63,-11,12
-62,-12,12
-62,-11,12
-64,-10,14
-62,-10,13
-62,-11,14
-62,-11,14
-63,-11,13
-62,-11,13
-63,-11,13
-64,-11,13
-61,-11,13
-62,-11,13
-63,-11,14
-63,-11,14
-62,-11,12
-62,-11,12
-62,-11,13
-61,-11,14
-61,-11,13
-63,-10,14
-61,-11,13
-64,-11,12
-62,-10,13
-63,-11,11
-62,-11,10
-63,-11,12
-63,-10,14
-62,-10,15
-63,-10,14
-62,-11,14
-61,-12,11
-64,-11,10
-64,-11,11
-63,-10,11
-63,-11,14
-61,-11,14
-62,-11,14
-63,-11,14
-62,-11,10
-64,-11,11
-64,-11,13
-61,-11,13
-63,-10,15
-62,-10,15
-62,-10,14
-62,-11,13
-63,-12,12
-63,-11,13
-63,-10,13
-63,-11,12
-60,-11,14
-61,-11,14
-64,-10,14
-64,-10,13
-63,-10,13
-62,-11,12
-62,-11,13
-62,-11,13
-63,-11,12
-62,-11,14
-62,-11,13
-63,-11,14
-62,-11,14
-63,-11,13
-62,-11,13
-63,-10,13
-62,-11,12
-62,-10,14
-63,-11,14
-62,-11,14
-62,-11,14
-61,-11,13
-62,-11,13
-63,-10,13
-63,-11,13
-63,-11,14
-62,-11,13
-62,-11,13
-62,-11,13
-63,-11,12
-62,-11,13
-62,-11,13
-62,-11,14
-62,-11,14
-62,-11,13
-62,-11,13
-63,-11,12
-62,-11,14
-62,-11,13
-62,-11,13
-62,-11,14
-62,-11,14
-61,-11,13
-62,-11,13
-62,-11,12
-62,-12,12
-62,-11,13
-62,-11,14
-63,-11,13
-60,-11,15
-62,-11,15
-63,-11,13
-64,-11,13
-62,-11,13
-62,-12,12
-62,-11,12
-63,-11,12
-63,-11,13
-62,-11,13
-62,-11,13
-62,-11,13
-63,-11,13
-63,-11,13
-62,-11,13
-62,-11,13
-62,-10,13
-63,-12,12
-62,-11,13
-62,-12,13
-61,-12,13
-62,-11,12
-63,-10,13
-63,-10,14
-63,-10,13
-63,-11,13
-62,-11,14
-61,-11,13
-62,-12,13
-63,-11,13
-63,-11,13
-62,-11,12
-63,-11,13
-62,-11,13
-63,-11,13
-62,-11,13
-63,-11,13
-62,-11,14
-62,-12,13
-61,-12,14
-62,-11,13
-63,-11,13
-63,-10,13
-63,-11,13
-62,-11,13
-62,-11,13
-63,-11,14
-62,-11,14
-63,-11,14
-62,-11,13
-62,-11,13
-62,-12,13
-62,-11,13
-62,-11,13
-62,-11,13
-62,-11,13
-62,-11,13
-62,-11,13
-63,-11,13
-62,-11,13
-63,-11,13
-62,-11,13
-62,-11,13
-62,-11,13
-62,-12,13
-62,-11,13
-62,-12,13
-62,-11,13
-62,-11,13
-62,-11,13
-62,-11,13
-62,-11,13
-62,-11,13
-62,-11,13
-62,-11,13
-62,-11,13
-62,-11,13
-62,-11,13
-62,-11,13
-62,-11,14
-62,-12,13
-62,-11,13
-62,-12,13
-63,-11,13
-62,-11,13
-63,-11,13
-62,-11,13
-62,-11,13
-62,-11,13
-62,-12,13
-62,-12,13
-62,-12,13
-62,-12,13
-62,-12,13
-63,-11,13
-62,-11,13
-63,-11,13
-62,-11,13
-63,-11,13
-62,-11,13
-62,-11,13
-63,-11,13
-62,-11,13
-62,-11,13
-62,-11,14
-62,-11,14
-62,-11,14
-62,-11,14
-62,-11,13
-62,-11,13
-62,-11,14
-63,-11,14
-62,-11,14
-62,-11,13
-63,-11,13
-62,-11,14
-63,-10,13
-63,-11,14
-62,-11,14
-63,-11,13
-64,-11,13
-62,-12,13
-62,-11,12
-63,-12,13
-62,-11,13
-62,-11,14
-62,-10,15
-61,-12,14
-61,-12,14
-63,-11,15
-64,-10,15
-64,-10,14
-64,-10,15
-62,-11,16
-60,-11,16
-55,-12,17
-55,-12,22
-57,-13,22
-61,-12,22
-60,-12,21
-60,-12,20
-60,-12,19
-60,-13,18
-62,-13,16
-62,-12,16
-61,-12,16
-62,-12,16
-61,-12,17
-61,-11,17
-61,-12,17
-61,-12,18
-61,-11,18
-61,-12,18
-61,-12,17
-61,-14,17
-59,-11,17
-61,-13,15
-61,-12,16
-61,-11,16
-61,-11,17
-62,-12,16
-61,-12,17
-59,-12,18
-62,-13,17
-63,-12,16
-63,-13,13
-64,-12,15
-61,-10,19
-61,-9,23
-58,-12,21
-59,-12,21
-61,-14,21
-57,-14,21
-55,-15,19
-61,-13,18
-63,-12,19
-63,-11,19
-62,-11,18
-60,-13,18
-59,-13,19
-59,-13,19
-60,-13,19
-61,-13,19
-60,-12,19
-58,-12,19
-62,-13,20
-60,-12,20
-60,-13,19
-60,-13,19
-60,-13,19
-60,-13,19
-61,-13,19
-60,-13,19
-60,-12,19
-61,-13,19
-61,-13,19
-61,-13,21
-57,-13,18
-57,-14,16
-63,-13,19
-60,-13,17
-65,-12,19
-58,-14,19
-61,-10,25
-58,-13,24
-61,-11,23
-60,-13,20
-58,-13,19
-59,-15,13
-61,-15,13
-64,-14,12
-62,-13,11
-64,-14,10
-62,-14,14
-62,-14,14
-60,-14,15
-62,-13,16
-61,-13,17
-60,-13,17
-62,-13,15
-61,-13,16
-60,-14,15
-63,-14,17
-62,-14,18
-59,-14,13
-73,-14,13
-65,-15,14
-54,-16,5
-57,-15,17
-57,-17,14
-59,-14,17
-60,-15,20
-59,-14,18
-61,-14,15
-67,-14,13
-64,-14,11
-62,-14,13
-62,-15,13
-62,-15,13
-60,-15,14
-61,-15,14
-61,-15,15
-58,-16,16
-59,-16,16
-60,-15,19
-60,-14,17
-60,-15,16
-61,-15,17
-61,-16,16
-62,-15,16
-62,-15,15
-59,-17,13
-57,-15,14
-63,-14,15
-62,-14,16
-62,-13,17
-61,-13,18
-61,-13,18
-61,-13,18
-61,-13,17
-61,-13,17
-61,-14,17
-61,-14,17
-61,-14,17
-61,-14,17
-61,-14,17
-61,-13,17
-61,-14,18
-61,-13,18
-61,-14,17
-60,-14,18
-60,-14,17
-60,-14,17
-61,-14,16
-61,-14,17
-61,-14,16
-61,-14,17
-61,-14,17
-61,-14,17
-60,-14,17
-61,-14,17
-61,-14,17
-61,-14,17
-61,-14,17
-61,-14,17
-61,-14,17
-60,-14,17
-60,-14,18
-60,-14,17
-61,-13,18
-61,-13,18
-61,-13,18
-60,-13,18
-60,-14,17
-61,-14,17
-60,-14,17
-61,-14,17
-61,-14,17
-61,-13,17
-61,-14,17
-60,-14,18
-60,-14,17
-60,-14,17
-61,-14,17
-61,-14,17
-61,-14,17
-61,-14,17
-61,-13,17
-61,-13,18
-60,-13,17
-61,-13,17
-60,-13,17
-61,-13,17
-60,-13,17
-61,-13,17
-61,-13,17
-61,-13,17
-61,-13,17
-61,-13,17
-60,-13,17
-61,-13,17
-61,-13,17
-61,-13,17
-61,-13,17
-61,-13,17
-61,-13,17
-61,-13,17
-61,-13,17
-60,-13,17
-61,-13,16
-61,-13,17
-61,-13,16
-61,-13,17
-61,-13,17
-61,-13,17
-61,-13,17
-61,-13,17
-61,-13,16
-61,-13,16
-61,-13,16
-61,-13,17
-61,-13,17
-61,-13,17
-61,-13,17
-61,-13,17
-61,-13,17
-61,-13,16
-61,-13,16
-61,-13,16
-61,-13,17
-61,-13,17
-61,-13,16
-61,-13,17
-61,-13,17
-61,-13,17
-60,-13,17
-61,-14,16
-61,-14,16
-61,-13,16
-61,-13,16
-61,-13,17
-61,-13,17
-62,-13,16
-60,-13,17
-62,-13,16
-61,-13,16
-61,-13,16
-61,-14,16
-61,-14,17
-61,-14,17
-60,-14,17
-61,-14,17
-61,-14,17
-61,-14,17
-60,-14,17
-61,-14,17
-61,-13,17
-61,-14,17
-61,-14,17
-61,-14,17
-61,-14,17
-60,-14,17
-61,-14,17
-61,-14,17
-61,-14,17
-61,-14,17
-62,-14,17
-63,-13,17
-67,-14,16
-76,-12,16
-68,-12,24
-59,-13,29
-54,-16,32
-32,-21,37
-26,-21,41
-14,-22,45
-8,-21,55
-5,-20,58
-4,-18,60
-5,-17,61
-7,-17,62
-6,-19,60
-7,-19,59
-8,-20,59
-7,-20,57
-8,-20,57
-9,-20,58
-10,-19,58
-12,-20,59
-10,-19,59
-10,-19,58
-11,-19,58
-8,-20,57
-8,-19,55
-12,-20,56
-11,-19,57
-15,-19,55
-10,-19,51
-29,-17,50
-41,-18,46
-53,-14,40
-56,-11,35
-58,-11,32
-61,-12,25
-65,-11,19
-66,-11,17
-64,-11,15
-64,-13,12
-64,-13,12
-63,-13,10
-64,-13,10
-63,-13,11
-63,-13,12
-63,-13,13
-62,-12,15
-61,-12,16
-61,-12,17
-61,-12,18
-61,-12,19
-59,-12,19
-60,-13,19
-60,-13,19
-61,-13,17
-62,-13,17
-61,-13,16
-62,-13,16
-61,-13,15
-61,-13,15
-61,-13,16
-62,-13,16
-61,-13,16
-61,-13,17
-61,-13,17
-61,-13,17
-62,-13,17
-61,-13,17
-61,-13,17
-61,-13,17
-61,-13,17
-61,-13,17
-61,-13,17
-61,-13,16
-61,-13,15
-61,-13,15
-61,-13,15
-62,-13,15
-61,-13,15
-61,-13,15
-61,-14,15
-61,-13,15
-61,-13,16
-61,-13,16
-61,-13,16
-61,-13,16
-61,-13,16
-61,-13,16
-61,-13,16
-61,-13,15
-62,-13,16
-61,-13,15
-61,-13,16
-62,-13,16
-61,-13,16
-61,-13,16
-61,-13,15
-62,-13,15
-62,-13,15
-61,-13,15
-61,-13,15
-61,-13,15
-61,-13,15
-62,-12,15
-62,-12,15
-61,-13,16
-62,-13,16
-62,-13,16
-61,-13,15
-61,-14,15
-61,-14,14
-62,-14,13
-62,-14,14
-62,-13,14
-61,-13,15
-62,-13,15
-62,-13,15
-61,-13,15
-61,-13,15
-62,-13,14
-62,-13,14
-62,-13,14
-61,-14,15
-61,-14,15
-61,-14,15
-61,-14,14
-61,-14,14
-61,-14,14
-62,-13,15
-61,-13,15
-62,-13,15
-62,-13,15
-62,-14,14
-61,-13,14
-61,-13,14
-61,-14,14
-62,-13,15
-62,-14,14
-62,-13,14
-62,-13,14
-62,-13,14
-61,-13,15
-62,-13,15
-62,-13,14
-62,-13,15
-61,-14,15
-61,-14,15
-60,-14,15
-61,-14,14
-62,-14,14
-62,-14,14
-62,-14,14
-62,-14,15
-62,-13,15
-62,-13,15
-61,-14,15
-60,-14,15
-61,-14,14
-61,-14,14
-62,-13,14
-63,-13,14
-62,-13,15
-61,-13,15
-61,-14,15
-61,-14,15
-61,-14,15
-61,-14,15
-61,-14,14
-61,-14,14
-61,-14,14
-62,-13,14
-61,-13,15
-62,-13,15
-61,-13,15
-62,-13,15
-61,-14,15
-61,-14,15
-61,-14,15
-60,-14,14
-61,-14,14
-62,-13,13
-63,-13,14
-62,-13,15
-61,-14,16
-60,-13,16
-61,-14,16
-62,-13,15
-62,-14,14
-62,-14,14
-61,-14,14
-62,-14,14
-62,-13,14
-62,-13,15
-62,-13,15
-62,-13,16
-62,-13,16
-61,-13,16
-59,-15,14
-58,-15,13
-59,-16,11
-62,-14,10
-64,-13,12
-64,-13,13
-64,-12,16
-62,-12,17
-60,-12,18
-59,-13,17
-60,-14,17
-61,-14,14
-62,-14,13
-62,-14,12
-62,-14,12
-61,-14,13
-61,-13,14
-62,-13,15
-62,-13,15
-62,-13,15
-61,-13,15
-61,-14,15
-61,-14,15
-61,-14,14
-61,-14,14
-62,-14,14
-62,-14,14
-62,-14,14
-61,-14,14
-61,-14,15
-62,-14,14
-62,-14,14
-61,-14,14
-61,-14,15
-61,-14,15
-62,-14,14
-62,-14,14
-61,-14,14
-61,-14,15
-61,-14,15
-62,-14,15
-61,-14,15
-61,-14,14
-61,-14,14
-62,-14,14
-61,-14,14
-61,-14,15
-61,-13,15
-61,-13,15
-62,-13,15
-61,-14,15
-61,-14,15
-61,-14,14
-61,-14,14
-61,-14,14
-61,-14,14
-61,-14,14
-61,-14,15
-61,-14,15
-64,-14,13
-62,-14,15
-61,-14,14
-61,-14,15
-61,-14,14
-62,-14,14
-62,-14,14
-61,-14,14
-62,-14,15
-61,-14,15
-61,-14,15
-61,-14,14
-61,-14,15
-62,-14,15
-61,-14,15
-61,-14,15
-61,-14,15
-61,-14,14
-62,-14,14
-62,-14,14
-61,-14,14
-61,-14,15
-61,-14,15
-61,-14,15
-61,-14,15
-61,-14,15
-61,-14,15
-61,-14,15
-62,-13,15
-61,-14,15
-61,-14,15
-61,-14,15
-61,-14,15
-61,-14,15
-62,-14,15
-62,-14,15
-61,-14,15
-60,-14,15
-63,-14,14
-61,-14,15
-61,-14,15
-61,-14,15
-62,-14,15
-62,-14,14
-61,-14,14
-61,-14,15
-61,-14,15
-61,-14,15
-61,-14,15
-62,-14,14
-61,-14,14
-61,-14,14
-61,-14,15
-62,-14,14
-62,-13,15
-61,-13,15
-61,-14,15
-61,-14,15
-61,-13,14
-62,-14,14
-61,-14,14
-61,-14,15
-61,-14,15
-61,-14,15
-61,-14,15
-61,-13,15
-60,-13,15
-61,-14,14
-63,-14,12
-65,-12,13
-62,-13,13
-64,-12,13
-63,-12,14
-62,-13,14
-62,-13,14
-62,-13,14
-62,-13,15
-62,-13,14
-62,-12,14
-61,-13,15
-61,-13,15
-61,-13,15
-62,-13,15
-62,-13,15
-62,-13,15
-61,-13,15
-63,-13,14
-61,-13,15
-61,-13,15
-61,-14,14
-61,-14,14
-61,-13,14
-61,-13,14
-61,-14,14
-61,-14,14
-62,-13,15
-61,-13,15
-62,-13,14
-61,-14,15
-61,-14,14
-62,-14,15
-61,-14,14
-62,-14,14
-62,-14,14
-61,-14,14
-61,-14,14
-61,-14,15
-61,-14,15
-61,-14,15
-61,-13,14
-63,-13,14
-63,-14,14
-62,-13,14
-61,-14,14
-61,-14,15
-63,-14,14
-62,-14,15
-61,-14,14
-61,-14,14
-62,-14,13
-63,-14,13
-62,-14,13
-61,-14,14
-61,-14,15
-62,-14,14
-63,-13,15
-62,-14,15
-62,-14,15
-61,-14,14
-61,-14,13
-62,-14,13
-61,-14,14
-59,-14,15
-62,-14,14
-61,-14,15
-61,-14,14
-61,-14,15
-62,-14,14
-61,-14,14
-62,-14,14
-62,-14,13
-62,-14,14
-61,-14,14
-62,-14,14
-62,-14,14
-61,-14,14
-62,-14,14
-62,-14,15
-62,-14,15
-61,-14,14
-61,-14,14
-61,-14,14
-62,-14,14
-62,-14,14
-61,-14,14
-61,-14,14
-61,-14,14
-61,-14,14
-61,-14,14
-61,-14,14
-61,-14,14
-61,-14,14
-62,-14,14
-61,-14,14
-61,-14,14
-62,-14,14
-61,-14,14
-62,-14,14
-61,-14,14
-61,-14,14
-62,-14,14
-61,-14,14
-61,-14,14
-61,-14,14
-61,-14,14
-61,-14,14
-62,-14,14
-62,-14,14
-62,-14,14
-62,-14,14
-62,-14,14
-61,-14,14
-62,-14,14
-62,-14,14
-62,-14,14
-61,-14,14
-62,-13,14
-62,-13,14
-62,-13,14
-62,-13,14
-62,-13,14
-61,-13,14
-62,-13,14
-62,-13,14
-62,-13,14
-62,-13,14
-62,-13,14
-62,-14,14
-62,-13,14
-62,-13,14
-62,-13,14
-61,-14,14
-61,-14,14
-61,-14,14
-62,-13,14
-61,-14,14
-62,-14,14
-61,-14,14
-62,-14,14
-61,-14,14
-61,-14,14
-62,-14,14
-62,-14,14
-61,-14,14
-61,-13,14
-63,-13,14
-63,-13,14
-62,-13,15
-61,-14,14
-61,-14,14
-62,-14,14
-62,-14,13
-62,-14,13
-62,-14,13
-62,-14,14
-61,-14,14
-62,-14,15
-62,-14,14
-61,-14,14
-62,-14,14
-61,-14,14
-62,-14,13
-61,-14,14
-62,-14,14
-62,-14,14
-62,-14,14
-61,-14,14
-62,-14,14
-62,-14,14
-62,-14,14
-61,-14,14
-61,-14,14
-61,-14,14
-61,-14,13
-62,-14,14
-62,-14,14
-62,-14,14
-61,-14,14
-61,-14,14
-61,-14,14
-62,-14,13
-62,-14,14
-61,-14,14
-61,-14,14
-63,-14,14
-62,-14,14
-61,-14,14
-60,-14,14
-62,-14,13
-62,-14,13
-62,-14,14
-61,-14,15
-63,-15,13
-59,-14,14
-61,-14,13
-62,-14,13
-62,-14,13
-62,-14,13
-61,-14,13
-62,-14,13
-64,-14,13
-61,-14,13
-61,-15,14
-60,-15,14
-62,-14,14
-62,-14,14
-62,-13,14
-61,-14,14
-61,-14,14
-61,-14,13
-64,-14,12
-60,-14,14
-63,-13,13
-63,-13,13
-62,-13,13
-62,-13,14
-62,-14,14
-61,-14,14
-62,-14,14
-62,-14,14
-62,-14,14
-62,-14,14
-62,-13,14
-63,-14,14
-61,-14,15
-60,-15,15
-61,-15,14
-61,-15,14
-62,-14,14
-62,-14,14
-62,-14,14
-61,-14,14
-61,-14,13
-62,-14,13
-62,-14,13
-62,-14,13
-62,-13,14
-62,-13,14
-61,-13,15
-62,-14,14
-62,-13,15
-60,-14,13
-64,-13,13
-63,-13,13
-62,-13,14
-61,-13,14
-61,-14,14
-62,-13,14
-62,-13,13
-62,-13,13
-62,-13,13
-62,-13,14
-62,-13,14
-62,-13,14
-62,-14,13
-61,-14,13
-61,-14,12
-62,-14,12
-62,-14,13
-61,-14,13
-61,-14,14
-61,-14,14
-62,-14,14
-61,-14,14
-62,-14,14
-61,-14,14
-62,-14,14
-62,-14,14
-62,-13,14
-61,-13,15
-61,-14,16
-63,-14,13
-60,-15,14
-62,-15,13
-62,-14,13
-62,-14,13
-61,-14,14
-60,-14,14
-60,-15,13
-61,-15,11
-66,-13,12
-63,-14,13
-64,-13,14
-60,-13,15
-60,-13,16
-60,-14,15
-60,-15,13
-61,-15,11
-63,-14,10
-63,-14,11
-63,-14,11
-61,-14,13
-61,-14,14
-61,-14,14
-62,-14,14
-62,-14,14
-62,-14,14
-61,-15,14
-61,-15,13
-61,-15,13
-62,-14,13
-62,-14,13
-62,-14,13
-62,-14,13
-62,-14,14
-62,-13,15
-62,-14,14
-62,-14,14
-62,-14,12
-63,-14,12
-62,-14,12
-63,-14,12
-62,-14,13
-61,-14,13
-61,-14,14
-61,-14,14
-62,-14,14
-62,-14,14
-61,-14,14
-61,-14,13
-61,-14,14
-62,-14,13
-62,-14,14
-62,-14,14
-62,-14,14
-61,-14,14
-61,-14,14
-61,-14,14
-62,-14,13
-62,-14,14
-62,-14,13
-62,-14,13
-61,-13,14
-62,-14,14
-62,-14,14
-61,-14,14
-62,-14,14
-62,-14,14
-62,-13,13
-62,-14,14
-62,-13,14
-62,-14,14
-61,-13,14
-62,-13,14
-62,-13,13
-62,-13,13
-62,-13,13
-62,-13,13
-62,-13,13
-62,-13,13
-62,-13,13
-63,-13,13
-61,-13,13
-62,-13,14
-62,-13,14
-62,-13,15
-62,-12,15
-61,-13,16
-62,-13,14
-62,-13,15
-61,-13,14
-62,-13,14
-62,-13,13
-61,-13,14
-62,-13,14
-61,-13,15
-62,-13,15
-62,-13,15
-62,-13,15
-61,-13,15
-62,-13,14
-62,-13,15
-62,-13,14
-62,-13,14
-62,-13,15
-62,-13,14
-62,-13,14
-62,-13,14
-62,-13,15
-61,-13,15
-62,-13,14
-61,-13,14
-62,-13,15
-61,-13,15
-62,-13,15
-62,-13,14
-62,-13,14
-62,-13,14
-62,-13,14
-62,-13,14
-62,-13,14
-62,-13,15
-61,-13,14
-61,-13,15
-61,-14,14
-61,-14,14
-61,-14,14
-62,-14,14
-61,-13,14
-61,-14,14
-61,-14,14
-61,-14,15
-62,-13,15
-62,-14,15
-61,-14,15
-61,-14,14
-61,-14,14
-61,-14,14
-62,-13,14
-62,-14,14
-61,-14,15
-61,-14,15
-61,-14,15
-62,-14,14
-62,-14,14
-62,-14,14
-61,-14,14
-62,-14,14
-62,-14,14
-62,-14,14
-61,-14,15
-61,-14,15
-63,-14,13
-62,-13,14
-61,-14,14
-61,-14,14
-61,-14,14
-61,-14,14
-62,-14,14
-62,-14,14
-62,-14,14
-62,-14,14
-61,-14,14
-61,-14,14
-62,-14,14
-62,-14,14
-61,-14,14
-62,-14,14
-62,-14,14
-62,-14,14
-62,-14,14
-61,-14,14
-61,-15,14
-61,-15,14
-62,-14,13
-62,-14,13
-62,-14,14
-61,-14,14
-61,-14,14
-62,-14,14
-62,-14,14
-62,-14,13
-62,-13,14
-62,-14,13
-62,-13,14
-62,-14,14
-61,-14,14
-61,-14,14
-61,-14,14
-61,-14,13
-61,-14,13
-62,-14,13
-62,-14,14
-62,-14,14
-61,-14,14
-61,-14,14
-61,-14,14
-62,-14,14
-62,-14,14
-61,-14,14
-61,-14,14
-61,-14,14
-62,-14,14
-62,-14,14
-61,-14,14
-61,-14,14
-62,-14,14
-61,-14,14
-62,-14,14
-62,-14,14
-61,-14,15
-61,-14,14
-61,-14,14
-61,-14,14
-62,-14,14
-62,-14,14
-61,-14,14
-61,-14,14
-61,-14,14
-62,-14,14
-62,-14,14
-62,-14,14
-61,-14,14
-61,-14,14
-61,-14,14
-61,-14,13
-61,-14,13
-61,-14,13
-62,-14,14
-62,-14,14
-61,-14,14
-61,-13,14
-60,-15,13
-62,-14,14
-62,-14,14
-62,-14,15
-62,-13,15
-63,-13,15
-62,-13,15
-59,-15,13
-62,-14,12
-61,-15,11
-62,-15,12
-61,-15,13
-63,-15,13
-61,-14,14
-61,-14,14
-61,-14,14
-62,-14,13
-63,-14,13
-63,-14,13
-63,-14,13
-61,-14,14
-60,-14,13
-61,-15,13
-62,-14,12
-63,-14,12
-63,-14,12
-62,-14,13
-61,-14,13
-61,-14,13
-61,-14,13
-61,-14,13
-62,-14,12
-63,-14,13
-62,-14,13
-61,-14,13
-62,-14,13
-62,-14,13
-61,-14,14
-61,-14,13
-61,-14,13
-62,-14,12
-62,-14,13
-62,-14,12
-62,-14,13
-61,-14,14
-62,-14,13
-62,-14,13
-62,-14,13
-62,-14,13
-62,-14,13
-62,-14,13
-62,-14,13
-62,-14,14
-62,-14,13
-61,-14,13
-62,-14,13
-62,-14,13
-62,-14,13
-61,-14,13
-62,-14,13
-62,-14,13
-62,-14,13
-61,-14,14
-61,-14,13
-61,-14,13
-62,-14,13
-62,-14,13
-62,-14,13
-62,-14,13
-62,-14,13
-62,-14,13
-61,-14,13
-62,-14,13
-61,-14,13
-62,-14,13
-62,-14,13
-62,-14,13
-61,-14,13
-62,-14,13
-62,-14,13
-62,-14,13
-62,-14,13
-61,-14,13
-61,-14,13
-61,-14,13
-62,-14,14
-61,-14,13
-62,-14,13
-61,-14,13
-62,-14,13
-62,-14,13
-62,-14,13
-62,-14,13
-62,-14,14
-62,-14,13
-62,-14,13
-61,-14,13
-62,-15,13
-62,-14,13
-62,-14,13
-62,-14,13
-61,-14,13
-61,-14,13
-62,-14,13
-62,-14,13
-62,-14,13
-62,-14,13
-62,-14,13
-61,-14,13
-62,-14,14
-61,-14,13
-62,-14,13
-62,-14,13
-62,-14,13
-62,-14,13
-62,-14,13
-62,-14,13
-61,-14,13
-61,-14,13
-62,-14,13
-62,-14,13
-61,-15,13
-62,-15,13
-61,-14,13
-62,-14,13
-61,-14,13
-62,-14,13
-61,-14,13
-62,-14,13
-62,-14,13
-62,-15,13
-62,-14,13
-61,-14,13
-61,-14,13
-61,-14,13
-61,-15,13
-62,-14,13
-62,-14,13
-61,-14,13
-62,-14,13
-62,-14,12
-62,-14,13
-62,-14,13
-62,-14,13
-62,-14,13
-62,-14,13
-62,-14,13
-62,-14,12
-62,-14,13
-62,-14,13
-62,-14,13
-62,-14,12
-62,-14,13
-62,-14,13
-62,-14,13
-62,-14,13
-63,-13,13
-62,-14,12
-61,-14,13
-62,-14,13
-62,-14,13
-62,-14,13
-62,-14,13
-62,-14,12
-61,-14,12
-62,-14,11
-61,-14,13
-62,-14,12
-62,-14,13
-62,-14,13
-61,-14,13
-62,-14,13
-62,-14,13
-62,-14,13
-62,-14,13
-61,-14,13
-61,-15,13
-61,-14,13
-63,-15,12
-61,-15,14
-60,-15,11
-61,-15,11
-61,-15,9
-63,-13,11
-64,-12,12
-63,-10,14
-61,-11,17
-62,-12,17
-62,-12,16
-63,-11,13
-62,-12,12
-62,-14,10
-64,-13,7
-63,-13,6
-64,-13,6
-65,-12,7
-65,-13,8
-61,-12,10
-59,-13,11
-63,-14,10
-63,-13,10
-63,-12,9
-64,-12,7
-67,-13,6
-65,-13,8
-61,-16,10
-59,-14,11
-60,-14,12
-61,-16,13
-60,-16,13
-64,-13,9
-62,-13,8
-64,-13,5
-64,-13,4
-64,-14,4
-64,-16,6
-60,-16,9
-61,-15,8
-62,-13,8
-63,-12,7
-64,-14,6
-65,-15,6
-62,-14,7
-60,-15,7
-64,-16,6
-63,-15,5
-63,-13,6
-62,-14,7
-63,-15,8
-64,-16,7
-62,-14,8
-63,-14,8
-62,-16,8
-62,-16,7
-64,-14,6
-63,-16,5
-63,-15,6
-65,-13,6
-64,-15,5
-62,-17,5
-64,-15,5
-61,-20,6
-60,-15,7
-62,-17,8
-59,-19,9
-60,-21,10
-57,-19,9
-60,-23,10
-60,-24,8
-60,-18,9
-61,-13,14
-59,-24,14
-53,-22,19
-50,-22,15
-51,-18,14
-70,-14,2
-72,-10,-3
-72,-11,-5
-77,-11,-11
-64,-15,-12
-66,-14,-13
-63,-19,-13
-63,-16,-9
-64,-16,-6
-62,-15,1
-62,-14,3
-58,-18,8
-56,-19,10
-56,-19,10
-57,-18,9
-62,-18,2
-63,-17,-1
-62,-15,-3
-62,-18,-7
-53,-18,-6
-61,-17,-18
-62,-16,-20
-63,-18,-26
-60,-18,-34
-55,-17,-35
-54,-16,-38
-52,-15,-40
-51,-16,-40
-50,-17,-40
-49,-17,-41
-48,-17,-41
-47,-16,-42
-47,-16,-42
-47,-16,-42
-47,-17,-43
-46,-17,-43
-46,-16,-43
-46,-16,-44
-45,-17,-44
-44,-17,-44
-43,-17,-45
-43,-17,-46
-44,-17,-46
-45,-16,-45
-45,-16,-45
-45,-17,-44
-45,-16,-44
-45,-17,-45
-45,-16,-45
-44,-16,-45
-44,-17,-45
-44,-17,-45
-44,-16,-44
-45,-17,-45
-45,-16,-45
-45,-16,-44
-45,-16,-45
-45,-16,-45
-45,-17,-45
-44,-17,-45
-44,-17,-45
-45,-17,-45
-45,-16,-44
-45,-16,-44
-45,-17,-44
-45,-17,-44
-45,-16,-45
-45,-17,-45
-45,-17,-46
-45,-17,-46
-46,-17,-45
-45,-17,-43
-45,-17,-42
-46,-17,-41
-46,-18,-41
-46,-18,-41
-46,-17,-42
-46,-17,-43
-46,-18,-44
-46,-17,-43
-46,-17,-43
-45,-18,-43
-45,-18,-43
-45,-17,-43
-46,-18,-43
-46,-18,-43
-46,-18,-43
-46,-18,-42
-45,-18,-43
-46,-18,-43
-45,-18,-43
-46,-18,-44
-46,-18,-43
-45,-18,-43
-46,-18,-43
-45,-18,-43
-45,-18,-43
-46,-18,-43
-45,-18,-43
-46,-18,-43
-45,-18,-43
-45,-18,-43
-45,-18,-43
-45,-18,-44
-45,-18,-43
-45,-18,-43
-45,-18,-44
-45,-18,-43
-46,-18,-43
-46,-18,-43
-46,-18,-43
-46,-18,-43
-45,-18,-44
-45,-18,-43
-45,-18,-43
-45,-18,-43
-45,-18,-43
-46,-18,-43
-45,-18,-43
-45,-18,-43
-45,-18,-43
-45,-18,-44
-45,-18,-43
-46,-18,-43
-45,-18,-42
-45,-18,-42
-46,-18,-43
-46,-18,-43
-46,-18,-44
-46,-18,-43
-46,-18,-43
-45,-18,-43
-45,-18,-43
-45,-18,-42
-46,-18,-43
-46,-18,-43
-46,-18,-43
-46,-18,-43
-46,-18,-43
-45,-18,-43
-45,-18,-43
-45,-18,-43
-46,-18,-43
-45,-18,-43
-46,-18,-43
-46,-18,-43
-46,-18,-42
-46,-18,-42
-46,-18,-42
-46,-18,-43
-46,-18,-43
-45,-18,-43
-45,-18,-42
-45,-18,-42
-46,-18,-42
-46,-17,-43
-47,-17,-43
-47,-18,-43
-46,-18,-43
-46,-18,-42
-46,-18,-42
-46,-18,-42
-46,-18,-42
-46,-18,-43
-46,-18,-42
-47,-18,-42
-46,-18,-42
-46,-18,-42
-46,-18,-42
-46,-18,-42
-46,-18,-42
-46,-18,-42
-46,-18,-42
-46,-18,-42
-46,-18,-42
-47,-18,-42
-46,-18,-42
-46,-18,-42
-46,-18,-42
-46,-18,-43
-46,-18,-42
-46,-18,-42
-46,-18,-42
-46,-18,-43
-46,-18,-42
-46,-18,-41
-46,-18,-41
-47,-18,-41
-46,-18,-44
-46,-18,-44
-46,-18,-44
-45,-18,-43
-45,-18,-42
-46,-18,-42
-46,-18,-42
-47,-18,-43
-47,-18,-43
-47,-18,-42
-46,-18,-42
-46,-18,-42
-46,-18,-42
-46,-18,-42
-45,-18,-42
-46,-18,-42
-47,-18,-43
-47,-17,-43
-47,-17,-42
-47,-18,-42
-45,-18,-42
-45,-18,-42
-45,-18,-42
-45,-18,-42
-46,-18,-42
-46,-17,-42
-47,-17,-42
-46,-17,-43
-44,-17,-46
-44,-17,-45
-50,-16,-40
-48,-16,-40
-48,-16,-40
-49,-16,-42
-47,-16,-43
-46,-17,-43
-47,-16,-42
-46,-17,-42
-44,-17,-41
-45,-17,-43
-46,-17,-44
-46,-17,-44
-48,-16,-43
-48,-16,-43
-47,-16,-43
-47,-16,-43
-46,-16,-44
-44,-17,-43
-47,-17,-42
-46,-17,-43
-45,-17,-44
-47,-16,-43
-48,-17,-40
-48,-17,-41
-49,-17,-41
-47,-17,-41
-47,-17,-42
-46,-17,-42
-46,-17,-42
-47,-17,-42
-48,-17,-43
-47,-16,-42
-49,-16,-41
-48,-16,-41
-47,-17,-41
-47,-16,-41
-48,-17,-41
-48,-16,-42
-48,-17,-42
-47,-17,-42
-47,-16,-42
-47,-16,-42
-48,-16,-41
-46,-16,-43
-51,-15,-40
-50,-16,-38
-47,-17,-43
-46,-17,-44
-46,-16,-44
-46,-17,-42
-45,-17,-42
-46,-17,-41
-46,-17,-41
-46,-17,-43
-48,-16,-43
-48,-15,-43
-48,-16,-43
-48,-16,-43
-47,-16,-42
-47,-16,-43
-47,-17,-42
-47,-16,-42
-49,-17,-42
-50,-16,-41
-52,-16,-40
-48,-16,-38
-46,-17,-37
-47,-17,-39
-47,-18,-41
-47,-18,-41
-48,-18,-41
-47,-18,-41
-48,-17,-40
-48,-17,-40
-50,-17,-39
-50,-17,-39
-51,-17,-39
-51,-16,-38
-50,-17,-39
-50,-17,-39
-49,-17,-39
-49,-17,-40
-49,-17,-39
-49,-17,-39
-49,-17,-39
-49,-17,-39
-49,-18,-39
-50,-17,-39
-49,-17,-39
-49,-17,-39
-49,-18,-39
-49,-17,-39
-49,-17,-40
-50,-17,-39
-50,-17,-39
-49,-17,-40
-49,-18,-39
-49,-18,-39
-49,-17,-40
-49,-17,-39
-49,-17,-39
-50,-17,-38
-50,-17,-39
-49,-18,-39
-48,-17,-39
-49,-18,-39
-49,-18,-40
-49,-18,-40
-49,-17,-40
-49,-17,-39
-48,-18,-39
-49,-18,-38
-49,-18,-39
-49,-18,-39
-49,-17,-39
-49,-17,-40
-49,-17,-39
-49,-18,-39
-49,-17,-38
-50,-17,-39
-50,-17,-39
-50,-17,-39
-49,-18,-39
-48,-18,-39
-49,-17,-39
-49,-17,-39
-50,-17,-39
-50,-17,-38
-50,-17,-38
-50,-17,-38
-50,-17,-39
-50,-17,-40
-49,-17,-39
-49,-17,-39
-49,-17,-39
-49,-17,-39
-50,-17,-39
-50,-17,-39
-50,-17,-39
-50,-17,-39
-50,-17,-39
-50,-17,-39
-49,-17,-39
-49,-17,-39
-50,-17,-39
-49,-17,-38
-50,-17,-39
-50,-17,-39
-50,-17,-39
-49,-17,-39
-49,-17,-39
-49,-18,-40
-48,-18,-40
-48,-17,-40
-48,-17,-39
-50,-17,-39
-50,-17,-39
-50,-17,-39
-50,-17,-39
-50,-17,-39
-49,-18,-39
-49,-18,-39
-48,-18,-39
-48,-18,-39
-48,-18,-39
-48,-18,-40
-49,-17,-39
-49,-17,-39
-50,-17,-39
-50,-17,-39
-50,-17,-39
-50,-17,-39
-50,-17,-39
-49,-18,-39
-49,-17,-39
-49,-18,-39
-49,-18,-39
-49,-18,-39
-49,-18,-39
-49,-17,-39
-50,-17,-39
-49,-17,-39
-49,-17,-39
-49,-17,-39
-49,-17,-39
-49,-17,-39
-49,-17,-39
-50,-18,-39
-49,-18,-39
-49,-17,-39
-49,-17,-39
-49,-18,-39
-49,-18,-39
-49,-17,-39
-49,-18,-39
-49,-18,-39
-49,-17,-39
-50,-17,-39
-50,-17,-38
-50,-17,-34
-51,-18,-33
-50,-18,-31
-50,-16,-35
-50,-15,-37
-51,-14,-41
-51,-14,-43
-51,-14,-43
-52,-14,-43
-48,-10,-39
-56,-7,-41
-47,-18,-38
-54,-17,-39
-53,-16,-39
-49,-15,-34
-53,-11,-33
-51,-13,-30
-54,-12,-29
-60,-12,-31
-58,-12,-32
-57,-11,-33
-57,-11,-32
-55,-12,-32
-52,-14,-32
-52,-14,-31
-53,-15,-32
-53,-13,-33
-55,-13,-33
-56,-11,-34
-56,-10,-34
-57,-10,-35
-54,-11,-34
-55,-12,-34
-55,-12,-33
-53,-13,-33
-54,-13,-33
-55,-13,-37
-65,-12,-36
-62,-14,-37
-60,-16,-36
-56,-19,-31
-55,-19,-30
-51,-26,-25
-50,-25,-23
-50,-25,-16
-52,-22,-7
-53,-20,-3
-18,-21,19
-84,-7,-15
-60,-9,0
-77,-17,-11
-56,-20,-8
-56,-17,-5
-56,-31,-16
-39,-24,-10
-46,-20,-12
-60,-19,-13
-64,-16,-15
-72,-17,-20
-40,-15,-15
-64,-11,-25
-69,-15,-41
-57,-21,-42
-57,-19,-41
-56,-16,-37
-56,-14,-33
-53,-12,-27
-59,-20,-26
-58,-17,-23
-57,-22,-25
-51,-19,-24
-53,-18,-24
-59,-17,-24
-59,-19,-24
-59,-19,-25
-57,-19,-26
-54,-20,-28
-51,-18,-27
-56,-16,-29
-58,-17,-30
-59,-16,-31
-60,-17,-30
-58,-20,-29
-59,-18,-28
-58,-19,-27
-60,-19,-27
-67,-20,-27
-79,-16,-19
-48,-18,-10
-95,-12,-35
-41,-18,23
-59,-21,22
-32,-11,27
-25,-14,30
-24,-18,34
-27,-20,48
-24,-24,55
-18,-28,62
-13,-31,59
-13,-28,56
-21,-25,55
-32,-22,56
-37,-21,59
-33,-19,64
-39,-19,56
-38,-19,52
-30,-16,52
-27,-13,52
-28,-10,51
-23,-7,57
-24,-5,58
-27,-6,48
-31,-6,43
-35,-4,43
-59,26,84
-15,0,52
-22,17,63
-22,16,60
-22,12,59
-25,9,57
-36,7,54
-35,6,52
-32,8,54
-24,14,55
-15,20,59
-33,14,53
-37,15,43
-28,20,48
-20,24,59
-31,24,50
-25,27,51
-26,35,46
-28,39,43
-25,41,42
-26,45,36
-31,48,32
-29,47,27
-30,58,11
-33,56,11
-17,58,23
-13,60,19
-15,60,15
-11,62,13
-10,64,10
-8,65,9
-3,65,7
-1,66,6
0,65,6
0,66,7
4,66,6
7,65,5
1,65,-7
5,62,-9
5,59,-9
7,62,-11
12,66,-8
4,65,-15
2,58,-20
-3,61,-22
-1,62,-22
-3,64,-21
-2,64,-22
-3,63,-23
-3,66,-23
-4,69,-25
-3,77,-24
-9,72,-31
-5,64,-28
11,61,-25
-6,58,-33
-12,58,-28
-14,55,-23
-8,51,-19
11,48,-8
9,47,-1
6,48,17
15,57,17
9,74,-31
-7,72,-31
-41,77,-12
5,84,21
50,96,78
-11,75,8
0,71,-4
-2,72,-11
-13,66,-14
-5,64,-11
-1,62,-7
6,59,-3
3,56,1
-8,57,9
-17,58,13
-22,58,15
-26,57,21
-26,55,21
-28,54,16
-26,54,7
-24,59,8
-13,66,17
-3,68,21
-4,69,20
-17,67,12
-24,67,11
-21,67,13
-16,68,15
-15,66,15
-16,61,12
-17,56,8
-18,54,5
-22,54,0
-21,51,-2
-20,49,-2
-23,48,-3
-26,53,-4
-30,57,-3
-38,59,-4
-47,62,-3
-48,62,1
-46,58,5
-40,54,3
-30,52,1
-29,51,-3
-31,51,-5
-34,51,-5
-32,53,-4
-32,55,-4
-32,60,-1
-37,62,-2
-39,63,-3
-37,61,-3
-32,61,-8
-32,63,-11
-34,57,-9
-34,57,-8
-31,63,-8
-29,68,0
-31,65,0
-18,58,4
-14,57,11
-13,59,11
-18,61,3
-20,59,2
-18,58,3
-22,54,-3
-27,53,2
-26,52,4
-23,53,3
-21,56,5
-16,61,15
-9,64,41
-14,63,41
-46,56,13
-34,55,13
-36,55,10
-34,53,9
-28,55,11
-31,56,10
-32,59,13
-17,78,20
-21,84,13
-34,71,-9
-36,73,-12
-21,67,-7
-10,57,1
-8,56,4
-8,57,12
-12,56,10
-13,56,6
-16,60,3
-17,65,-2
-19,66,-5
-20,65,-7
-21,65,-6
-22,64,-7
-22,61,-7
-21,59,-7
-18,61,-5
-18,61,-4
-19,60,-3
-22,61,-1
-26,63,1
-26,63,2
-28,65,4
-26,65,6
-24,64,7
-18,64,8
-17,64,8
-18,63,7
-18,61,4
-18,60,2
-20,61,0
-20,60,0
-20,60,0
-18,58,0
-16,58,-1
-17,61,-1
-21,64,0
-21,64,2
-17,66,9
-14,70,30
-16,68,37
-21,49,26
-33,53,9
-32,55,5
-29,53,0
-26,65,4
-26,66,5
-22,59,6
-23,63,8
-23,62,8
-22,64,5
-15,67,4
-12,66,4
-12,62,3
-14,61,1
-20,60,-1
-26,60,-2
-27,59,-2
-24,59,-1
-24,62,1
-24,62,2
-22,62,3
-20,62,5
-20,62,6
-17,62,7
-15,60,7
-16,60,7
-19,60,5
-23,60,3
-23,60,3
-23,61,3
-22,60,4
-22,62,5
-22,61,6
-22,61,6
-21,62,7
-21,62,7
-21,63,7
-21,63,7
-20,62,5
-21,61,5
-20,59,4
-22,58,4
-23,58,4
-23,59,4
-23,60,5
-23,62,4
-23,62,5
-24,61,3
-25,64,4
-27,66,4
-22,62,4
-22,60,-2
-18,62,0
-16,61,2
-26,57,9
-26,57,10
-30,59,8
-38,64,10
-38,65,9
-33,63,5
-24,64,6
-20,63,7
-14,61,6
-15,62,1
-13,63,-2
-14,69,-3
-21,64,-4
-18,63,0
-20,67,3
-21,65,5
-22,62,6
-18,59,6
-15,56,6
-12,56,5
-16,62,5
-17,64,6
-18,61,6
-17,58,9
-15,56,10
-15,55,10
-19,56,13
-17,55,14
-15,55,14
-17,56,14
-20,58,14
-21,58,13
-22,58,12
-23,58,12
-27,64,11
-28,68,13
-15,66,17
-18,65,7
-23,68,2
-18,70,-5
-21,63,-10
-20,61,-10
-17,59,-8
-17,58,-7
-20,58,-7
-25,61,-9
-24,63,-9
-19,61,-8
-20,64,-4
-21,64,-2
-24,65,-4
-23,63,-3
-23,63,-2
-24,65,-1
-24,66,-1
-24,68,-1
-20,67,-1
-19,67,-1
-17,67,-1
-17,65,-1
-17,64,-1
-16,63,-2
-15,63,-2
-15,62,-2
-13,60,-3
-14,59,-5
-14,59,-5
-16,59,-7
-18,61,-7
-19,62,-8
-22,63,-7
-23,63,-6
-21,65,-5
-22,67,-4
-21,68,-3
-15,71,-3
-12,67,-3
-13,66,-4
-13,63,-1
-18,58,-1
-20,55,-3
-21,55,-5
-25,57,-7
-25,57,-7
-22,61,-3
-22,63,-2
-22,64,2
-23,64,8
-24,65,13
-12,66,21
1,63,17
-5,64,10
-11,64,3
-10,60,3
-10,59,3
-8,59,6
-10,59,8
-16,59,12
-20,60,13
-22,61,12
-27,62,8
-23,61,8
-20,62,8
-18,62,8
-17,61,10
-15,60,11
-13,61,12
-12,60,11
-11,61,10
-13,63,12
-17,63,16
-19,61,15
-20,57,13
-22,57,11
-24,56,9
-24,57,7
-23,57,5
-22,59,7
-21,61,8
-21,63,9
-16,65,16
-13,67,26
-12,68,27
2,75,24
3,76,25
-25,75,3
-25,75,2
-26,72,1
-15,59,4
-5,45,4
-4,46,4
-2,53,5
-13,58,0
-22,56,-8
-22,54,-14
-24,64,-7
-17,65,1
-26,67,5
-33,68,2
-23,68,8
-17,64,6
-14,65,9
-5,66,16
-8,68,15
-11,68,16
-21,65,16
-16,73,13
-14,78,14
-20,62,8
-10,51,5
-7,57,3
-8,68,-5
-1,62,-8
8,51,-7
-1,57,4
-4,60,10
-16,62,17
-21,70,17
-20,72,16
-34,70,21
-32,61,28
-25,57,32
-19,55,38
-14,57,35
-11,63,28
-14,95,19
-15,98,9
-9,72,-1
-15,73,6
-9,82,8
3,87,-3
0,73,-12
0,66,-12
-6,50,-9
-8,34,-7
-10,30,-9
-13,37,-15
-17,51,-13
-18,60,-8
-27,77,9
-24,87,8
-8,77,14
-19,66,24
-20,66,27
-23,79,31
-16,69,25
-14,64,19
-15,67,17
-13,58,23
-13,53,24
-12,43,19
-18,59,3
-14,65,-2
-16,67,-13
-17,63,-16
-14,59,-13
-20,56,-9
-27,54,-8
-28,54,-6
-20,53,-3
-22,53,1
-21,56,11
-37,66,22
-41,75,35
-53,77,28
-58,73,2
-51,81,4
-30,81,5
-23,78,2
-20,64,-2
-22,50,-9
-22,63,-11
-19,67,-13
-6,72,-19
2,66,-21
4,63,-19
-2,64,-15
-2,60,-12
-11,56,-8
-14,56,-9
-13,54,-6
-17,59,-2
-19,60,-1
-23,64,-1
-24,64,-1
-21,63,0
-29,63,-2
-28,80,5
-19,77,5
-4,76,22
-40,61,-1
-33,63,8
-25,64,8
-20,64,3
-8,75,4
-16,72,2
-15,69,3
-17,74,4
-16,70,4
-15,66,5
-14,61,5
-10,56,3
-9,54,2
-7,52,3
-5,53,3
-6,54,4
-12,56,6
-15,59,6
-16,62,5
-17,69,3
-16,71,1
-16,77,0
-18,80,-2
-17,77,-2
-19,70,-2
-20,64,-2
-21,63,-3
-23,60,-2
-23,54,2
-24,52,5
-25,61,9
-27,74,13
-24,66,15
-17,66,17
-14,66,21
-14,62,25
-22,70,20
-26,73,16
-34,68,7
-47,58,6
-52,54,6
-54,43,5
-66,36,1
-67,35,0
-64,29,-2
-71,19,-7
-76,18,-10
-83,16,-16
-92,16,-21
-97,20,-24
-93,16,-21
-91,15,-18
-78,12,-8
-66,3,-8
-58,1,-9
-44,-20,-8
-39,-28,-1
-30,-23,2
-17,-24,6
-15,-24,12
-9,-22,27
-23,-21,29
-27,-23,28
-19,-29,31
-29,-33,24
-21,-37,25
-12,-41,27
-28,-53,21
-30,-59,23
-28,-61,25
-29,-59,29
-33,-57,32
-36,-60,21
-36,-60,24
-30,-67,20
-34,-58,17
-32,-54,16
-25,-50,10
-22,-48,6
-23,-46,8
-30,-43,11
-33,-47,12
-33,-49,13
-33,-49,18
-30,-47,23
-32,-47,23
-39,-51,12
-38,-50,13
-30,-49,29
-32,-53,39
-37,-52,32
-49,-54,19
-37,-51,32
-22,-39,41
-18,-28,35
-7,-31,11
-2,-32,5
-19,-20,3
-25,-13,5
-25,-11,0
-28,-4,-5
-27,-2,-8
-28,0,-18
-51,6,-19
-55,7,-23
-63,10,-47
-78,16,-46
-75,15,-38
-71,13,-47
-65,28,-43
-70,35,-42
-85,63,-38
-94,84,-33
-98,118,-25
-78,85,-25
-68,70,-17
-64,52,-3
-58,53,4
-51,53,3
-45,54,-2
-32,56,-3
-23,56,1
-19,55,6
-20,54,9
-21,58,8
-22,62,2
-22,64,0
-22,69,-2
-20,68,-4
-21,66,-3
-28,71,-1
-39,68,6
-43,56,12
-47,48,22
-46,62,32
-44,61,33
-38,55,34
-25,51,37
-21,46,38
-27,36,39
-40,34,35
-45,31,36
-57,25,30
-58,22,28
-43,9,36
-30,-3,41
-33,-5,45
-31,-8,38
-46,-11,19
-61,12,38
-106,27,26
-66,-2,0
-53,0,2
-40,6,12
-41,6,14
-52,8,13
-66,11,3
-61,8,2
-64,10,-3
-69,11,-1
-70,10,-1
-55,11,15
-60,9,19
-68,8,18
-76,10,10
-61,13,14
-62,15,8
-75,25,3
-78,30,6
-75,37,9
-48,27,6
-38,25,11
-44,26,7
-60,25,2
-67,26,1
-71,23,7
-60,16,20
-57,13,23
-52,12,35
-42,11,40
-43,11,41
-43,11,43
-59,10,34
-61,4,36
-54,4,41
-58,4,37
-58,3,37
-81,14,38
-82,14,34
-57,10,27
-48,5,16
-53,4,9
-61,11,16
-64,15,22
-53,16,27
-38,9,33
-39,8,33
-47,4,33
-50,1,38
-58,7,42
-59,7,50
-55,1,36
-54,1,32
-45,1,42
-54,-7,42
-56,-9,39
-59,-13,32
-60,-6,29
-64,-6,22
-78,3,17
-77,9,18
-59,13,25
-40,8,12
-57,14,8
-60,20,16
-65,26,33
-54,31,47
-32,21,43
-56,17,25
-55,15,31
-55,12,38
-52,-4,28
-52,-9,22
-61,-11,11
-82,-5,12
-74,-1,40
-56,3,43
-60,1,30
-66,-2,31
-80,-1,27
-68,0,20
-62,-9,2
-69,0,2
-66,10,18
-48,17,39
-33,21,34
-37,14,26
-36,9,29
-40,1,32
-50,-11,30
-65,-20,15
-73,-18,13
-92,-6,22
-64,1,43
-54,6,48
-50,11,48
-68,22,39
-76,28,36
-54,28,33
-37,21,25
-33,17,22
-45,6,10
-64,9,12
-63,13,25
-52,8,26
-45,5,25
-50,4,21
-54,4,27
-60,3,29
-63,3,35
-45,-9,28
-60,-12,19
-71,4,49
-71,14,67
-73,8,49
-86,8,20
-81,12,8
-49,5,3
-39,6,9
-40,4,12
-49,-5,10
-72,0,0
-73,-1,-4
-62,2,7
-63,3,6
-65,5,13
-61,4,21
-61,-3,19
-67,-6,16
-75,-3,17
-72,-6,11
-78,-1,6
-80,14,18
-74,25,32
-73,34,27
-75,27,2
-65,25,1
-46,22,2
-43,22,2
-45,20,4
-55,15,-1
-53,12,0
-55,8,3
-61,-1,4
-63,-3,5
-64,-4,16
-76,0,26
-78,-6,6
-76,-3,7
-76,6,10
-73,12,15
-71,16,20
-72,16,9
-86,12,-5
-62,6,-1
-53,-6,-3
-59,-4,-1
-56,-8,1
-55,-9,-2
-58,-5,-6
-66,-3,-3
-59,0,7
-54,5,18
-58,7,21
-61,8,22
-59,7,21
-62,6,17
-63,6,20
-70,7,14
-83,6,8
-88,16,6
-82,29,20
-70,25,23
-54,6,-4
-50,10,-3
-58,11,-1
-59,11,0
-62,18,13
-54,28,30
-56,24,33
-59,28,27
-59,18,16
-61,20,19
-50,18,26
-42,16,27
-51,6,20
-60,5,23
-76,0,19
-69,0,17
-68,-2,18
-87,4,22
-85,11,20
-62,17,24
-58,5,-3
-81,0,-36
-78,-2,-38
-53,4,-26
-49,5,-22
-49,5,-16
-52,1,-11
-55,1,-11
-62,1,-9
-63,5,-3
-65,6,-2
-69,7,1
-69,7,3
-69,7,3
-71,8,1
-72,10,0
-73,10,-1
-76,14,-7
-77,17,-9
-73,20,-8
-59,14,-4
-55,12,-3
-55,14,-3
-54,18,-4
-54,20,-4
-53,21,-5
-54,15,-4
-58,12,-4
-64,10,-3
-64,9,-3
-67,8,-5
-66,5,-8
-65,2,-10
-68,1,-18
-70,2,-26
-71,4,-27
-69,9,-25
-65,5,-45
-69,7,-58
-58,12,-45
-42,12,-33
-35,10,-34
-38,6,-46
-41,8,-53
-40,10,-52
-41,12,-46
-39,10,-42
-36,6,-44
-38,1,-52
-41,4,-54
-47,9,-48
-42,10,-46
-42,10,-47
-39,7,-57
-41,6,-63
-40,5,-63
-31,2,-61
-34,8,-57
-36,10,-60
-45,20,-60
-49,25,-51
-38,23,-38
-36,17,-49
-40,15,-56
-36,14,-56
-33,14,-50
-37,12,-48
-42,7,-50
-41,4,-52
-42,5,-51
-39,4,-49
-40,4,-51
-40,4,-53
-40,5,-54
-41,7,-54
-41,9,-52
-42,10,-49
-42,10,-48
-43,10,-49
-39,9,-48
-38,7,-51
-40,4,-57
-46,6,-53
-45,8,-49
-40,8,-46
-40,8,-49
-45,11,-46
-44,10,-43
-44,11,-42
-42,11,-41
-65,5,-57
-60,4,-52
-34,8,-29
-16,9,-21
-12,11,-20
-11,22,-23
-20,41,-30
-21,49,-34
-37,56,-46
-38,55,-51
-26,68,-34
-40,103,11
-52,127,127
-91,35,-3
-39,57,2
-39,88,15
-17,65,11
-24,69,1
-17,70,12
-21,61,12
-28,50,-6
-27,49,-8
-52,50,-20
-54,49,-20
-41,43,-15
-39,41,-13
-36,41,-12
-37,43,-7
-50,42,-5
-51,42,-8
-50,39,-11
-54,40,-14
-52,40,-15
-52,38,-11
-52,41,-2
-50,40,-5
-46,37,-14
-44,38,-15
-36,41,-12
-32,50,4
-38,53,3
-51,53,-3
-46,49,-1
-43,48,-2
-47,43,-6
-47,40,-9
-50,40,-11
-46,40,-7
-57,41,-10
-56,42,-10
-55,40,-10
-56,40,-10
-55,41,-4
-55,40,-10
-47,40,-8
-48,38,-3
-44,39,-2
-41,38,-6
-47,43,-14
-52,44,-4
-51,42,-6
-43,42,-11
-49,39,-12
-52,39,-12
-56,38,-21
-54,34,-24
-50,32,-24
-52,33,-28
-44,32,-20
-29,39,-2
-29,55,-7
-43,60,-16
-66,72,-27
-37,77,8
-29,68,6
-46,53,-14
-47,52,-13
-51,50,-10
-48,43,-12
-36,47,-7
-23,48,0
-32,51,-6
-31,50,-13
-25,51,-9
-42,54,-17
-44,54,-18
-27,56,-12
-24,57,-7
-23,59,-8
-18,58,-5
-22,63,-6
-27,63,-10
-26,62,-12
-23,62,-10
-25,62,-13
-43,60,-24
-42,60,-24
-22,58,-13
-16,55,-7
-13,56,-5
-16,56,-6
-16,62,-7
-18,62,-9
-19,63,-14
-21,64,-12
-22,64,-11
-31,63,-17
-34,63,-18
-35,61,-20
-36,60,-22
-32,61,-21
-30,59,-19
-1,57,-6
3,56,-6
-12,53,-13
-8,49,-17
-3,51,-14
-5,50,-13
-8,58,-15
-23,57,-6
-28,71,34
-16,69,46
-1,61,22
-55,78,49
-24,62,34
-15,63,19
-46,87,-13
-46,89,-16
-26,69,-17
3,74,-3
11,70,-2
5,76,10
2,66,13
-6,57,20
-29,54,19
-37,53,16
-40,50,9
-36,53,8
-44,57,5
-53,57,-3
-56,49,-5
-55,45,-6
-53,46,0
-26,43,12
-8,44,14
-5,49,54
-27,65,55
-31,53,20
-30,63,4
-22,61,-1
-6,64,6
-17,72,22
-43,77,18
19,62,93
-3,58,48
-28,58,22
-45,54,16
-48,47,3
-61,44,-6
-46,53,10
-39,52,19
-11,52,44
-23,39,23
-26,38,15
-14,42,18
-15,45,2
-32,53,1
-8,54,22
-29,57,4
-37,59,0
-47,63,-6
-49,62,-14
-50,62,-13
-54,64,-5
-51,62,-4
-45,60,-4
-46,61,8
-36,61,23
-8,62,36
-4,60,25
-6,57,14
-10,59,6
-9,60,8
-16,60,5
-21,58,3
-18,59,10
-20,60,11
-22,61,13
-23,60,11
-20,59,13
-13,58,9
-5,56,6
-32,62,-1
-44,63,1
-42,61,-3
-34,57,2
-36,59,6
-38,59,5
-35,56,-1
-33,56,-2
-32,57,-3
-29,58,-5
-26,58,-7
-24,59,-8
-21,60,-9
-21,60,-9
-20,59,-7
-18,58,-7
-17,59,-6
-19,59,-8
-20,60,-8
-20,60,-9
-23,56,-9
-23,56,-10
-26,62,-4
-26,69,-2
-24,72,-1
-23,71,-6
-30,62,-8
-33,59,-8
-35,55,-8
-36,55,-12
-35,55,-13
-28,58,-8
-26,62,-8
-26,63,-8
-25,63,-7
-28,63,-7
-17,63,-3
-10,61,-5
-18,63,-8
-17,65,-2
-8,76,40
-13,87,50
-30,84,14
-17,75,13
-27,70,10
-26,61,4
-13,50,5
-7,54,5
1,55,1
0,56,-4
-1,57,-7
-7,56,-11
-9,56,-9
-17,54,-4
-20,54,-2
-21,56,0
-24,59,4
-32,63,4
-34,64,5
-38,68,7
-45,73,9
-47,73,9
-56,85,16
-50,80,20
-35,62,19
-31,51,12
-39,52,8
-39,57,4
-30,61,-3
-27,64,-4
-18,65,-2
-17,64,-3
-18,64,-4
-19,60,-7
-19,57,-7
-19,59,-6
-20,67,-3
-18,71,-2
-14,72,0
-20,75,0
-22,79,1
-29,72,8
-35,59,17
-35,51,20
-25,40,21
-2,47,22
5,50,23
8,56,24
6,59,21
1,66,24
-27,66,11
-33,69,1
-36,62,-5
-26,62,2
-26,66,5
-27,68,6
-32,67,7
-35,67,8
-36,67,10
-43,92,21
-44,94,29
-26,60,27
-20,52,25
-17,57,28
-24,57,22
-25,62,18
-20,65,12
-13,65,13
-9,65,15
-10,63,10
-7,62,13
-9,62,12
-19,67,6
-18,76,3
-14,75,4
-9,73,6
-6,75,6
-4,71,5
-2,52,10
-6,44,16
-14,46,23
-9,51,23
-6,52,20
-1,59,16
1,59,21
-2,61,24
-11,67,25
-19,74,23
-22,75,19
-27,71,16
-30,71,19
-31,70,21
-36,68,27
-34,66,30
-25,65,28
-17,77,31
-16,75,31
-22,70,26
-24,59,21
-23,54,17
-20,60,13
-14,73,13
-11,75,10
-11,69,3
-13,66,1
-12,64,1
-14,63,-4
-19,63,-6
-30,56,-7
-30,50,-7
-28,49,-4
-20,50,1
-13,51,9
-10,51,13
-6,54,22
-7,62,26
-9,66,27
-18,88,25
-23,101,31
-28,83,41
-15,60,39
-6,53,33
3,61,21
1,61,13
-3,64,10
-13,62,7
-26,54,1
-28,50,1
-31,48,1
-32,51,2
-30,52,4
-30,53,6
-30,53,7
-29,55,11
-24,62,15
-21,67,17
-18,70,17
-34,103,29
-34,91,31
-26,62,16
-20,73,5
-15,75,8
-1,82,10
4,74,4
8,71,6
1,68,4
-12,64,0
-21,61,-3
-28,61,-5
-26,59,-5
-16,60,-3
-11,55,0
-8,52,1
-9,51,7
-10,62,11
-12,61,11
-23,64,16
-32,61,24
-33,62,26
-27,63,28
-23,63,27
-13,64,26
-6,60,24
-8,61,21
-14,58,18
-21,58,17
-23,56,17
-27,53,15
-25,50,15
-26,51,15
-27,58,14
-28,64,15
-26,64,13
-30,81,15
-34,89,20
-31,74,21
-16,59,13
-12,58,14
-13,58,16
-12,61,17
-15,62,13
-13,60,9
-14,61,10
-16,60,8
-18,56,3
-18,56,2
-18,55,1
-14,57,1
-13,61,2
-12,64,3
-11,74,2
-13,85,3
-20,77,9
-34,63,20
-35,53,23
-15,51,21
4,59,19
8,58,20
5,55,22
-8,54,17
-14,55,15
-21,56,14
-22,57,13
-24,58,12
-23,58,14
-21,58,15
-18,58,17
-21,63,22
-21,63,22
-26,74,20
-34,94,27
-32,82,25
-24,64,14
-18,61,12
-21,60,12
-20,60,13
-18,61,12
-11,60,11
-4,58,12
-4,56,13
-15,55,7
-23,56,3
-23,58,3
-23,65,3
-14,66,4
-11,65,5
-7,68,7
-9,74,10
-13,69,12
-28,62,19
-34,59,28
-24,45,28
-7,53,24
1,58,24
6,60,25
-5,59,23
-10,56,20
-18,55,17
-24,56,14
-25,57,15
-24,56,14
-22,53,15
-20,54,16
-20,57,18
-21,64,23
-20,66,27
-19,65,23
-24,70,20
-49,81,13
-68,70,-2
-62,59,-7
-47,54,-2
-35,65,8
-27,69,10
-22,68,8
-24,69,6
-21,69,3
-20,67,8
-19,66,10
-19,58,11
-22,54,15
-24,53,20
-26,54,35
-26,46,51
-28,44,55
-38,50,48
-61,47,46
-77,42,40
-71,43,30
-56,24,32
-43,16,32
-26,11,33
-31,18,34
-20,24,40
-68,86,-113
4,-34,23
-25,7,52
-16,21,54
-17,12,49
-23,2,53
-21,1,62
-23,0,65
-28,-4,58
-28,-3,60
-25,-3,53
-26,-7,53
-26,-9,55
-29,-10,58
-24,-15,51
-25,-22,53
-21,-41,51
-30,-26,61
-35,-17,65
-48,-1,56
-46,0,48
-40,0,51
-39,0,50
-37,3,50
-29,6,53
-31,4,52
-27,3,49
-29,5,54
-32,6,55
-25,7,52
-25,13,50
-31,15,46
-29,17,45
-23,21,39
-21,34,37
-44,44,25
-44,50,113
-3,35,104
-27,8,52
-24,16,56
-22,18,53
-25,24,60
-20,24,51
-21,20,52
-20,18,53
-17,21,58
-20,23,59
-21,22,57
-22,20,53
-23,20,55
-21,19,57
-23,20,59
-21,19,57
-22,18,57
-23,18,55
-25,19,52
-23,21,56
-20,24,63
-16,23,58
-25,21,50
-27,20,50
-30,21,54
-29,19,57
-31,20,58
-24,20,61
-23,22,55
-22,21,48
-25,23,51
-22,21,54
-28,19,59
-19,13,57
-20,16,59
-22,25,56
-19,17,54
-28,25,52
-28,21,58
-25,25,56
-21,28,57
-27,30,52
-20,27,52
-19,30,47
-21,37,44
-17,38,48
-21,39,47
-21,40,50
-27,37,57
-26,37,52
-28,40,43
-28,44,50
-22,36,53
-16,30,53
-20,27,49
-24,3,33
-32,4,20
-20,8,31
8,13,36
5,15,30
-20,50,28
-52,66,20
-40,74,19
-39,84,2
-40,79,-9
-37,73,-12
-36,65,-26
-32,68,-25
-13,61,-20
-14,67,-26
-10,75,-27
-21,87,-32
-50,78,-41
-20,79,-27
-25,87,-6
-34,72,-21
-35,66,-23
-36,52,-32
-4,36,-27
8,34,-22
1,38,-23
-8,44,-19
-19,51,-16
-31,75,-2
-23,85,12
-27,75,32
-36,53,-3
-38,46,-10
-36,46,-9
-37,44,-8
-28,43,-3
-32,41,-7
-50,48,-20
-39,64,-14
-39,66,-11
-44,70,-2
-48,63,0
-50,39,-15
-56,38,-7
-47,38,-5
-44,41,1
-50,43,-8
-66,37,-26
-44,33,-26
-36,29,-30
-51,37,-38
-34,39,-17
-111,55,-19
-52,41,-18
-49,45,-10
-46,33,-4
-50,30,5
-49,30,10
-45,26,24
-32,23,57
-50,26,94
-59,15,52
-63,0,17
-70,5,15
-65,11,15
-50,-1,22
-60,2,26
-61,8,28
-58,8,27
-62,14,27
-58,13,32
-58,12,31
-54,9,28
-58,7,29
-59,5,28
-52,4,29
-49,4,32
-51,5,32
-56,3,32
-64,6,39
-71,5,41
-75,1,43
-69,-2,46
-45,-8,48
-27,-11,49
-34,-10,44
-34,-14,33
-42,-15,12
-53,-11,14
-71,-8,11
-62,-4,13
-64,-2,17
-68,-3,21
-63,-1,19
-62,1,15
-59,7,24
-62,1,28
-62,-4,20
-60,-6,20
-60,-5,22
-61,-4,21
-62,-2,19
-61,-1,19
-63,-3,16
-63,-3,17
-63,-3,18
-63,-4,17
-62,-5,17
-63,-6,15
-63,-7,13
-63,-7,11
-64,-7,11
-64,-7,10
-64,-7,10
-64,-7,10
-63,-8,10
-63,-9,11
-64,-9,10
-64,-10,9
-63,-10,10
-63,-11,11
-62,-12,13
-59,-16,18
-59,-18,16
-60,-18,14
-61,-15,16
-59,-15,18
-59,-15,20
-58,-17,22
-58,-18,22
-58,-16,23
-58,-15,23
-58,-15,23
-58,-15,22
-59,-15,22
-59,-15,22
-59,-14,21
-60,-14,20
-60,-14,20
-59,-14,21
-59,-14,21
-59,-14,22
-59,-14,22
-58,-14,22
-58,-15,23
-58,-15,23
-57,-16,24
-57,-16,25
-57,-15,25
-57,-15,24
-58,-15,24
-59,-12,24
-59,-12,24
-58,-14,23
-59,-15,21
-59,-15,21
-61,-13,18
-61,-11,17
-61,-11,17
-61,-13,17
-60,-13,18
-60,-14,18
-60,-14,18
-60,-15,18
-59,-14,18
-66,-17,16
-57,-19,17
-60,-13,16
-58,-12,22
-64,-8,24
-60,-10,21
-63,-9,18
-63,-13,13
-63,-9,14
-61,-8,25
-62,-4,22
-61,-6,19
-62,-4,19
-60,-5,21
-61,-5,18
-61,-4,19
-61,-3,22
-60,-4,22
-59,-5,23
-58,-7,24
-59,-9,26
-56,-10,31
-57,-12,32
-52,-10,36
-51,-8,37
-52,-6,38
-52,-4,37
-55,-6,36
-58,-10,37
-62,-12,34
-52,-18,28
-64,-12,39
-62,-13,44
-50,-19,49
-43,-22,46
-35,-27,45
-30,-34,50
-44,-16,52
-44,-11,60
4,0,63
-50,-3,18
19,33,77
-16,15,57
-8,11,66
-8,-31,40
-35,28,42
-11,-18,43
-19,4,51
-25,10,53
-21,18,60
-29,9,52
-26,-19,48
-15,-23,55
-14,-13,65
-16,-9,68
-22,-2,73
-22,-5,76
-21,-4,76
-18,-5,69
-18,-10,59
-14,-10,59
-38,-7,48
-20,-6,60
-12,0,61
-4,1,64
1,12,67
-4,4,64
-2,8,63
0,8,61
2,6,56
-2,5,57
1,4,58
0,4,59
0,6,63
-3,9,67
-12,18,83
39,-7,72
0,22,78
-16,-1,49
-14,-6,50
-32,-8,35
20,-7,62
-18,-2,48
-1,4,53
-1,-8,59
6,-4,62
6,21,71
-2,23,71
1,15,66
12,14,56
11,11,48
16,7,49
12,10,58
13,14,64
13,24,71
13,22,67
11,23,66
8,22,67
14,15,73
1,21,68
-20,13,39
-8,17,56
-5,14,57
46,28,86
-32,8,32
-15,26,45
-38,15,44
-39,17,32
-43,6,32
-15,1,31
-54,0,19
72,-19,41
-32,29,32
-53,37,21
-57,42,3
-63,55,-23
-87,54,-36
-105,46,-37
-68,35,-25
-55,31,-23
-39,24,-12
-41,25,-13
-51,32,-26
-39,40,-23
-40,26,-36
-56,40,-42
-55,31,-43
-61,28,-40
-53,24,-30
-46,31,-26
-51,31,-34
-36,36,-38
-41,54,-44
-25,25,-34
-49,25,-40
-42,20,-42
-52,26,-46
-41,24,-49
-48,24,-50
-45,25,-39
-53,18,-42
-45,26,-36
-47,28,-37
-50,24,-43
-48,25,-35
-48,22,-39
-52,19,-36
-55,19,-34
-51,18,-34
-52,16,-34
-54,20,-30
-52,23,-30
-49,25,-32
-51,29,-29
-55,5,-40
-60,12,-39
-56,21,-33
-56,19,-30
-55,19,-28
-55,20,-22
-49,16,-16
-60,25,-24
-61,30,-31
-58,26,-26
-44,23,-15
-49,60,-6
-49,39,-11
-49,43,-13
-51,44,-14
-50,44,-13
-50,42,-13
-51,38,-18
-52,35,-20
-51,31,-21
-56,25,-28
-50,23,-28
-53,28,-30
-53,27,-29
-54,28,-31
-53,22,-29
-51,27,-22
-56,26,-37
-55,23,-37
-53,22,-37
-50,22,-27
-52,22,-31
-54,21,-32
-55,25,-30
-55,23,-24
-54,20,-35
-54,24,-25
-55,25,-25
-56,25,-26
-54,24,-25
-55,26,-25
-57,26,-23
-54,21,-20
-55,20,-26
-55,22,-43
-56,30,7
-53,36,-19
-53,29,-29
-51,26,-26
-55,27,-32
-51,25,-32
-51,25,-33
-51,27,-33
-54,26,-31
-55,24,-29
-53,23,-27
-54,24,-26
-55,25,-27
-52,27,-26
-52,24,-28
-54,25,-31
-53,25,-32
-51,24,-33
-51,24,-34
-52,25,-34
-53,24,-34
-54,23,-35
-52,21,-34
-51,21,-33
-50,20,-37
-50,21,-38
-49,22,-38
-49,23,-39
-48,23,-37
-47,24,-37
-34,28,-32
-50,23,-42
-49,26,-41
-49,25,-45
-46,25,-43
-45,23,-40
-45,22,-40
-47,23,-40
-50,25,-42
-45,20,-40
-43,20,-42
-43,22,-33
-48,20,-46
-49,20,-43
-47,18,-43
-47,20,-39
-47,20,-36
-46,22,-40
-46,23,-42
-45,21,-44
-46,21,-42
-46,23,-42
-45,22,-42
-46,22,-44
-45,22,-44
-45,23,-44
-44,23,-44
-44,23,-44
-42,20,-44
-42,19,-45
-44,20,-42
-47,23,-45
-47,18,-50
-44,18,-47
-45,20,-42
-47,21,-41
-46,25,-42
-45,23,-43
-45,22,-43
-48,21,-42
-49,20,-42
-45,20,-41
-49,19,-46
-50,20,-46
-51,19,-47
-49,16,-44
-45,16,-41
-45,16,-39
-43,20,-41
-57,14,-47
-58,13,-46
-55,17,-47
-50,17,-47
-53,13,-54
-62,13,-57
-55,8,-56
-59,6,-55
-59,4,-51
-51,1,-46
-47,1,-34
-46,1,-25
-43,-3,-19
-44,-13,-23
-50,-13,-34
-37,-13,-30
-37,-17,-35
-34,-17,-39
-32,-21,-43
-37,-21,-42
-38,-24,-41
-44,-26,-44
-43,-26,-45
-40,-28,-42
-43,-26,-39
-44,-25,-39
-50,-23,-42
-48,15,-15
-56,-41,-57
-44,-15,-45
-38,-26,-41
-34,-27,-34
-28,-36,-36
-31,-37,-40
-35,-34,-38
-49,-31,-41
-44,-33,-46
-49,-31,-45
-56,-28,-39
-57,-26,-36
-62,-29,-29
-61,-20,-10
-60,-20,-5
-59,-18,1
-43,-17,7
-27,-16,19
-17,-12,53
-36,-10,56
-42,-9,44
-47,-2,50
-49,0,55
-40,6,74
-16,1,46
-19,1,39
-49,-3,31
-112,-6,0
-82,4,-2
-51,-15,7
-82,3,15
-79,0,10
-59,1,15
-61,4,19
-64,4,23
-60,0,24
-58,-3,23
-52,-4,28
-52,-3,28
-57,-5,28
-50,-3,35
-62,1,27
-58,4,29
-65,-1,16
-56,-5,11
-58,-3,11
-70,2,-1
-69,1,-17
-67,1,-22
-61,-4,-27
-64,-2,-26
-66,-1,-18
-56,-2,-15
-61,-5,-20
-55,-4,-21
-31,7,-3
-81,3,-19
-71,-7,-39
-66,-3,-40
-45,-3,-41
-58,0,-32
-56,-2,-28
-55,-1,-24
-60,-3,-25
-59,-3,-25
-59,-1,-26
-61,-1,-27
-60,-1,-26
-58,-1,-27
-61,-2,-28
-61,-1,-28
-59,0,-26
-61,-1,-26
-60,-1,-26
-61,-1,-27
-61,-1,-27
-59,-2,-26
-61,-2,-27
-62,-1,-27
-60,0,-25
-64,-1,-23
-61,0,-23
-61,-1,-23
-62,0,-21
-61,0,-22
-60,-1,-20
-61,-1,-23
-62,0,-24
-61,-1,-25
-61,-1,-26
-61,0,-25
-60,-1,-25
-62,-1,-25
-60,-1,-25
-62,-1,-25
-62,0,-24
-61,-1,-22
-62,-1,-21
-63,0,-22
-62,-2,-23
-62,-2,-23
-61,-1,-24
-70,-1,-21
-69,-2,-24
-55,-1,-25
-61,-1,-23
-63,-1,-20
-62,0,-20
-57,-2,-24
-57,-2,-23
-64,-3,-21
-66,-1,-22
-64,-1,-20
-60,-2,-17
-65,0,-17
-64,1,-15
-63,1,-14
-63,0,-15
-64,0,-16
-63,1,-17
-64,1,-17
-65,-1,-19
-64,-1,-16
-65,-1,-15
-65,-1,-14
-64,0,-12
-65,0,-12
-64,-1,-10
-64,-1,-9
-64,-1,-7
-64,1,-4
-66,2,-3
-65,4,0
-65,2,1
-64,1,0
-64,1,0
-65,2,8
-62,0,12
-60,-1,6
-64,1,15
-78,0,10
-63,0,2
-61,-2,5
-64,1,4
-63,-1,13
-59,0,21
-60,-1,22
-59,0,25
-60,2,25
-62,3,22
-62,0,19
-65,0,17
-63,1,18
-62,2,19
-62,1,19
-62,0,18
-61,0,18
-63,0,18
-64,3,24
-61,2,25
-60,1,23
-60,3,20
-57,2,19
-59,3,24
-71,4,16
-77,0,6
-76,-3,-6
-72,-5,-8
-62,-11,-6
-56,-20,-9
-66,-15,-10
-69,-7,13
-56,-1,34
-59,-3,37
-46,-5,36
-26,-8,46
-22,-12,50
-21,-12,54
-19,-9,58
-20,-8,60
-35,-3,59
-32,-8,59
-29,-7,60
-26,-6,67
-25,-5,68
-22,-6,63
-8,-7,59
-3,-8,53
83,-9,90
-14,-7,51
36,4,56
8,12,57
10,5,51
10,9,54
4,20,69
5,18,74
9,14,76
10,18,78
3,18,71
4,4,57
0,2,53
5,1,61
6,5,68
4,6,64
3,8,65
1,6,62
1,7,61
-1,6,56
0,8,70
-3,6,60
-3,10,63
3,-2,61
2,8,63
2,6,62
0,7,62
1,7,62
-1,5,61
0,5,61
1,3,59
2,6,63
-1,10,62
2,9,64
-5,6,60
1,12,63
-1,11,63
-5,13,63
-6,11,58
-6,17,61
-11,16,61
-6,13,63
-21,13,58
-19,11,59
-19,12,60
-18,14,59
-17,18,58
-23,19,58
-23,16,58
-24,15,57
-21,15,58
-16,16,59
-18,14,58
-22,15,58
-18,13,59
-18,16,58
-19,14,58
-19,16,58
-21,16,57
-17,16,59
-18,15,58
-18,15,59
-20,15,58
-20,15,58
-19,15,58
-19,16,58
-18,15,58
-19,15,58
-19,15,58
-19,16,58
-17,15,59
-19,17,58
-20,19,58
-20,16,58
-19,15,58
-20,14,58
-24,14,57
