1564592525.000000, IBI
14.438161,0.640654
15.266324,0.828163
15.985107,0.718783
16.797644,0.812537
17.438298,0.640654
18.235210,0.796911
18.985244,0.750034
19.704027,0.718783
20.641570,0.937543
24.172982,0.765660
24.891764,0.718783
25.751179,0.859414
34.157814,0.812537
34.923474,0.765660
35.689134,0.765660
36.423542,0.734409
37.173577,0.750034
37.907985,0.734409
38.658020,0.750034
39.345551,0.687531
40.111211,0.765660
40.829994,0.718783
41.642531,0.812537
51.111715,0.734409
51.830498,0.718783
52.533655,0.703157
53.252438,0.718783
53.971220,0.718783
54.721255,0.750034
55.502541,0.781286
56.236949,0.734409
56.986984,0.750034
64.487327,0.796911
65.284238,0.796911
66.049898,0.765660
66.815558,0.765660
80.769322,0.718783
81.472480,0.703157
82.222514,0.750034
83.003800,0.781286
83.785085,0.781286
84.581997,0.796911
85.316406,0.734409
86.097691,0.781286
86.863351,0.765660
87.644637,0.781286
88.441549,0.796911
89.191583,0.750034
89.941617,0.750034
90.691652,0.750034
91.457312,0.765660
92.285475,0.828163
93.082386,0.796911
93.910549,0.828163
94.754338,0.843789
100.926495,0.671906
101.692155,0.765660
102.395312,0.703157
103.129721,0.734409
103.895381,0.765660
104.707918,0.812537
105.457952,0.750034
106.207987,0.750034
107.004898,0.796911
107.754933,0.750034
108.583096,0.828163
109.380007,0.796911
110.161293,0.781286
114.724002,0.734409
115.458410,0.734409
116.161567,0.703157
120.818031,0.734409
121.568065,0.750034
122.349351,0.781286
123.068134,0.718783
123.802542,0.734409
124.552577,0.750034
125.318237,0.765660
126.052645,0.734409
126.755802,0.703157
127.505837,0.750034
128.255871,0.750034
129.005905,0.750034
129.771565,0.765660
130.412220,0.640654
131.177880,0.765660
131.927914,0.750034
132.631071,0.703157
133.334229,0.703157
134.053011,0.718783
134.787420,0.734409
135.537454,0.750034
136.318740,0.781286
137.006272,0.687531
137.771932,0.765660
138.506340,0.734409
139.209497,0.703157
139.897029,0.687531
140.662689,0.765660
141.490852,0.828163
142.115880,0.625029
142.865915,0.750034
143.584698,0.718783
149.413090,0.687531
150.100621,0.687531
150.803778,0.703157
159.476050,0.671906
160.272962,0.796911
160.944867,0.671906
161.679276,0.734409
162.413685,0.734409
163.148093,0.734409
171.023454,0.843789
171.835991,0.812537
172.664154,0.828163
173.492317,0.828163
174.148597,0.656280
175.054888,0.906291
175.820548,0.765660
180.320754,0.828163
181.055163,0.734409
181.867700,0.812537
182.727114,0.859414
189.586803,0.765660
190.336838,0.750034
191.118124,0.781286
191.852532,0.734409
192.633818,0.781286
193.399478,0.765660
194.212015,0.812537
216.322402,0.765660
217.088062,0.765660
217.900599,0.812537
218.760014,0.859414
219.556925,0.796911
220.260082,0.703157
221.103871,0.843789
221.900783,0.796911
222.728945,0.828163
223.494606,0.765660
224.275891,0.781286
225.041551,0.765660
225.822837,0.781286
226.432240,0.609403
227.291654,0.859414
233.276303,0.765660
234.026338,0.750034
234.807623,0.781286
235.588909,0.781286
236.245189,0.656280
242.136084,0.812537
242.870492,0.734409
243.651778,0.781286
244.417438,0.765660
245.214350,0.796911
245.933133,0.718783
246.714418,0.781286
247.464453,0.750034
248.183236,0.718783
248.964521,0.781286
249.698930,0.734409
250.448964,0.750034
251.183373,0.734409
251.933407,0.750034
252.667816,0.734409
253.370973,0.703157
254.105382,0.734409
254.808539,0.703157
255.542948,0.734409
256.261730,0.718783
257.011765,0.750034
257.699296,0.687531
258.449331,0.750034
259.183739,0.734409
259.965025,0.781286
260.621305,0.656280
261.433842,0.812537
262.105748,0.671906
262.793279,0.687531
263.480811,0.687531
264.168342,0.687531
271.996826,0.718783
272.699983,0.703157
273.387514,0.687531
274.137549,0.750034
274.840706,0.703157
275.496986,0.656280
282.341049,0.968794
299.779347,0.703157
300.466879,0.687531
301.185662,0.718783
301.888819,0.703157
302.670105,0.781286
303.451391,0.781286
304.248302,0.796911
305.029588,0.781286
313.186211,0.671906
317.702043,0.671906
318.498954,0.796911
321.545969,0.765660
322.327255,0.781286
323.124166,0.796911
323.874200,0.750034
324.561732,0.687531
325.436772,0.875040
326.061800,0.625029
343.359467,0.703157
344.062624,0.703157
344.812659,0.750034
345.468939,0.656280
346.187722,0.718783
346.859627,0.671906
347.547159,0.687531
348.297193,0.750034
349.062853,0.765660
349.797262,0.734409
350.562922,0.765660
351.312956,0.750034
352.062991,0.750034
352.828651,0.765660
353.563059,0.734409
354.328719,0.765660
355.078754,0.750034
355.860039,0.781286
356.547571,0.687531
357.406985,0.859414
358.125768,0.718783
365.001083,0.765660
365.751117,0.750034
366.423023,0.671906
386.267681,0.734409
387.033341,0.765660
387.830253,0.796911
388.533410,0.703157
389.330322,0.796911
390.095982,0.765660
390.830390,0.734409
391.580425,0.750034
392.330459,0.750034
393.111745,0.781286
393.814902,0.703157
394.596188,0.781286
395.377473,0.781286
396.221262,0.843789
397.065051,0.843789
421.909938,0.640654
422.566218,0.656280
423.269375,0.703157
423.972532,0.703157
424.675689,0.703157
425.300718,0.625029
426.160132,0.859414
426.847664,0.687531
427.503944,0.656280
428.238353,0.734409
429.004013,0.765660
429.691544,0.687531
430.410327,0.718783
431.144736,0.734409
431.847893,0.703157
432.738559,0.890666
436.004333,0.656280
436.738742,0.734409
437.426273,0.687531
450.926891,0.703157
455.395846,0.734409
456.052126,0.656280
468.427692,0.734409
469.177727,0.750034
469.849632,0.671906
470.646544,0.796911
471.380952,0.734409
472.177864,0.796911
472.943524,0.765660
473.771687,0.828163
474.568598,0.796911
475.349884,0.781286
476.146796,0.796911
476.928081,0.781286
477.693741,0.765660
478.443776,0.750034
485.944119,0.781286
490.584956,0.671906
491.303739,0.718783
492.116277,0.812537
492.913188,0.796911
493.569468,0.656280
494.210122,0.640654
494.928905,0.718783
495.725817,0.796911
496.428974,0.703157
497.225885,0.796911
498.007171,0.781286
507.148215,0.765660
508.007629,0.859414
508.804540,0.796911
509.617078,0.812537
510.367112,0.750034
511.164023,0.796911
511.929683,0.765660
512.726595,0.796911
513.507881,0.781286
514.320418,0.812537
515.132955,0.812537
516.023621,0.890666
516.883035,0.859414
517.695572,0.812537
518.492484,0.796911
519.273770,0.781286
520.070681,0.796911
520.883218,0.812537
521.695755,0.812537
542.227945,0.796911
542.993605,0.765660
543.728014,0.734409
544.462423,0.734409
545.181206,0.718783
545.962491,0.781286
554.353500,0.765660
555.119160,0.765660
555.822318,0.703157
556.619229,0.796911
562.150732,0.765660
562.947644,0.796911
563.744555,0.796911
564.525841,0.781286
565.354004,0.828163
566.166541,0.812537
566.963453,0.796911
567.713487,0.750034
568.479147,0.765660
569.229181,0.750034
570.010467,0.781286
570.791753,0.781286
571.448033,0.656280
572.213693,0.765660
572.948102,0.734409
573.713762,0.765660
574.448170,0.734409
575.307585,0.859414
576.120122,0.812537
576.823279,0.703157
581.385988,0.687531
582.120396,0.734409
588.980085,0.734409
589.714494,0.734409
590.480154,0.765660
591.308317,0.828163
591.980223,0.671906
592.792760,0.812537
593.511543,0.718783
594.245951,0.734409
594.980360,0.734409
595.730394,0.750034
596.496054,0.765660
597.230463,0.734409
597.996123,0.765660
598.777409,0.781286
599.558695,0.781286
600.293103,0.734409
601.043138,0.750034
601.793172,0.750034
602.558832,0.765660
603.324492,0.765660
603.996398,0.671906
604.808935,0.812537
605.543344,0.734409
606.340255,0.796911
607.074664,0.734409
607.855949,0.781286
616.887613,0.781286
617.668899,0.781286
618.465810,0.796911
619.137716,0.671906
619.856499,0.718783
620.575282,0.718783
621.419070,0.843789
622.059725,0.640654
622.841010,0.781286
623.591045,0.750034
628.216256,0.765660
629.060045,0.843789
632.732088,0.718783
633.450871,0.718783
645.201409,0.718783
645.967069,0.765660
649.014083,0.781286
653.701798,0.765660
654.514335,0.812537
655.358124,0.843789
656.217538,0.859414
657.092578,0.875040
657.951993,0.859414
658.795781,0.843789
659.577067,0.781286
660.358353,0.781286
661.139638,0.781286
661.936550,0.796911
679.859245,0.796911
680.484274,0.625029
681.156180,0.671906
681.890588,0.734409
682.562494,0.671906
683.234400,0.671906
684.046937,0.812537
684.656340,0.609403
685.531380,0.875040
691.094135,0.687531
691.781666,0.687531
692.469198,0.687531
693.281735,0.812537
694.016143,0.734409
694.781803,0.765660
714.267070,0.812537
715.079607,0.812537
715.689010,0.609403
716.423419,0.734409
743.268398,0.734409
744.049684,0.781286
744.830969,0.781286
745.643507,0.812537
746.440418,0.796911
747.440464,1.000046
757.550301,0.781286
758.472219,0.921917
781.379517,0.734409
782.160803,0.781286
782.926463,0.765660
783.692123,0.765660
784.473409,0.781286
785.223443,0.750034
785.989103,0.765660
786.770389,0.781286
787.536049,0.765660
788.286083,0.750034
789.036118,0.750034
789.817403,0.781286
790.583063,0.765660
791.364349,0.781286
792.114383,0.750034
792.880044,0.765660
793.723832,0.843789
801.677321,0.718783
802.411730,0.734409
803.146138,0.734409
803.896173,0.750034
804.630581,0.734409
805.380616,0.750034
806.083773,0.703157
806.818182,0.734409
807.568216,0.750034
808.333876,0.765660
809.130787,0.796911
815.974851,0.750034
816.756136,0.781286
817.631176,0.875040
818.443714,0.812537
819.475011,1.031297
823.084551,0.687531
828.241037,0.734409
828.991071,0.750034
829.709854,0.718783
835.069475,0.781286
835.819509,0.750034
836.616421,0.796911
837.350829,0.734409
838.069612,0.718783
838.944652,0.875040
839.679061,0.734409
840.475972,0.796911
841.194755,0.718783
841.976041,0.781286
842.788578,0.812537
843.616741,0.828163
844.444904,0.828163
845.257441,0.812537
846.054353,0.796911
846.882515,0.828163
847.695053,0.812537
848.507590,0.812537
849.304501,0.796911
850.148290,0.843789
851.038956,0.890666
851.913996,0.875040
852.789036,0.875040
853.601573,0.812537
854.429736,0.828163
855.226647,0.796911
856.039185,0.812537
856.836096,0.796911
864.586451,0.734409
865.320859,0.734409
866.086519,0.765660
866.852180,0.765660
867.602214,0.750034
868.320997,0.718783
869.086657,0.765660
869.867943,0.781286
870.617977,0.750034
871.383637,0.765660
872.118046,0.734409
872.883706,0.765660
873.633740,0.750034
874.399400,0.765660
875.149434,0.750034
875.899469,0.750034
876.680754,0.781286
877.462040,0.781286
878.102695,0.640654
881.274715,0.781286
