1565043033.000000, IBI
14.297529,0.859414
15.031938,0.734409
15.735095,0.703157
16.422627,0.687531
17.297667,0.875040
18.282087,0.984420
31.485816,0.812537
32.235851,0.750034
32.923382,0.687531
33.814048,0.890666
34.595334,0.781286
38.032991,0.671906
38.767400,0.734409
39.454931,0.687531
40.126837,0.671906
40.908123,0.781286
41.611280,0.703157
42.376940,0.765660
43.267606,0.890666
43.923886,0.656280
44.611417,0.687531
45.377077,0.765660
46.111486,0.734409
46.908397,0.796911
47.658432,0.750034
48.408466,0.750034
49.111623,0.703157
49.861657,0.750034
50.674195,0.812537
51.346100,0.671906
52.049258,0.703157
52.861795,0.812537
53.518075,0.656280
54.205606,0.687531
54.971266,0.765660
55.736926,0.765660
56.455709,0.718783
57.190118,0.734409
58.018281,0.828163
58.737064,0.718783
59.533975,0.796911
60.205881,0.671906
60.940289,0.734409
61.612195,0.671906
62.455984,0.843789
68.237499,0.812537
69.003159,0.765660
69.753193,0.750034
70.550104,0.796911
71.347016,0.796911
72.112676,0.765660
72.862710,0.750034
73.565867,0.703157
74.394030,0.828163
75.112813,0.718783
75.815970,0.703157
76.519128,0.703157
77.269162,0.750034
78.034822,0.765660
78.769231,0.734409
79.503639,0.734409
80.238048,0.734409
81.019334,0.781286
81.738117,0.718783
82.456899,0.718783
83.175682,0.718783
83.941342,0.765660
84.691377,0.750034
85.425785,0.734409
86.144568,0.718783
86.941480,0.796911
87.660263,0.718783
88.425923,0.765660
89.144706,0.718783
89.863488,0.718783
90.629148,0.765660
91.363557,0.734409
92.129217,0.765660
92.848000,0.718783
93.551157,0.703157
94.269940,0.718783
95.035600,0.765660
95.754383,0.718783
96.488792,0.734409
97.223200,0.734409
97.988860,0.765660
98.723269,0.734409
99.457678,0.734409
100.223338,0.765660
100.926495,0.703157
105.114187,0.781286
105.801718,0.687531
106.536127,0.734409
107.254910,0.718783
108.051821,0.796911
108.754978,0.703157
109.505013,0.750034
110.223795,0.718783
111.020707,0.796911
111.708238,0.687531
112.427021,0.718783
120.786779,0.796911
121.458685,0.671906
122.255596,0.796911
122.943128,0.687531
123.661911,0.718783
124.427571,0.765660
125.302611,0.875040
145.647292,0.750034
146.397326,0.750034
147.178612,0.781286
147.897395,0.718783
148.663055,0.765660
149.444341,0.781286
150.194375,0.750034
150.928784,0.734409
151.725695,0.796911
152.506981,0.781286
153.257015,0.750034
154.053927,0.796911
154.803961,0.750034
160.054201,0.734409
160.866739,0.812537
161.601147,0.734409
171.148459,0.609403
171.992248,0.843789
183.258389,0.781286
183.852166,0.593777
194.805792,0.765660
195.477698,0.671906
196.196481,0.718783
211.603436,0.656280
212.353470,0.750034
223.307097,0.765660
224.010254,0.703157
224.822791,0.812537
225.713457,0.890666
226.416614,0.703157
227.229151,0.812537
230.823066,0.750034
243.776784,0.718783
249.761433,0.671906
250.448964,0.687531
260.808813,0.671906
261.511971,0.703157
262.199502,0.687531
262.980788,0.781286
268.106022,0.703157
268.762302,0.656280
269.637342,0.875040
270.324874,0.687531
271.028031,0.703157
271.824943,0.796911
272.574977,0.750034
273.293760,0.718783
274.059420,0.765660
274.918834,0.859414
275.637617,0.718783
286.372483,0.734409
286.966261,0.593777
295.044755,0.796911
295.794790,0.750034
305.889002,0.843789
306.529656,0.640654
315.576945,0.781286
316.233225,0.656280
316.967634,0.734409
317.733294,0.765660
318.561457,0.828163
319.280240,0.718783
319.967771,0.687531
320.717806,0.750034
321.467840,0.750034
322.186623,0.718783
322.936657,0.750034
323.733569,0.796911
324.467977,0.734409
325.264889,0.796911
326.061800,0.796911
326.796209,0.734409
327.546243,0.750034
328.296278,0.750034
329.061938,0.765660
329.827598,0.765660
330.593258,0.765660
331.343292,0.750034
332.062075,0.718783
332.812109,0.750034
333.515266,0.703157
334.202798,0.687531
335.046587,0.843789
335.859124,0.812537
336.515404,0.656280
345.468939,0.718783
346.234599,0.765660
346.969007,0.734409
347.844047,0.875040
351.469213,0.671906
352.187996,0.718783
353.000533,0.812537
353.719316,0.718783
354.484976,0.765660
355.250636,0.765660
356.031922,0.781286
356.766331,0.734409
357.485114,0.718783
358.250774,0.765660
359.094562,0.843789
359.750842,0.656280
360.469625,0.718783
361.250911,0.781286
361.969694,0.718783
362.688477,0.718783
363.407260,0.718783
364.094791,0.687531
364.829200,0.734409
365.641737,0.812537
366.344894,0.703157
367.048051,0.703157
367.938717,0.890666
368.610623,0.671906
369.329406,0.718783
370.110692,0.781286
370.907603,0.796911
371.595134,0.687531
372.329543,0.734409
373.048326,0.718783
373.813986,0.765660
374.595272,0.781286
375.267178,0.671906
376.032838,0.765660
376.829749,0.796911
381.345581,0.718783
382.079989,0.734409
382.783147,0.703157
383.548807,0.765660
384.408221,0.859414
388.002136,0.781286
388.705293,0.703157
389.392824,0.687531
390.174110,0.781286
390.877267,0.703157
391.611676,0.734409
392.330459,0.718783
392.971113,0.640654
393.643019,0.671906
394.299299,0.656280
395.049333,0.750034
395.893122,0.843789
396.721285,0.828163
397.565073,0.843789
398.377610,0.812537
399.096393,0.718783
400.002685,0.906291
400.705842,0.703157
401.440251,0.734409
402.237162,0.796911
402.893442,0.656280
403.737231,0.843789
404.502891,0.765660
405.190422,0.687531
405.862328,0.671906
406.596737,0.734409
407.221765,0.625029
408.018677,0.796911
408.878091,0.859414
409.518745,0.640654
410.159400,0.640654
410.831306,0.671906
411.690720,0.859414
412.425128,0.734409
413.034531,0.609403
413.737689,0.703157
414.456471,0.718783
415.175254,0.718783
415.894037,0.718783
416.565943,0.671906
417.425357,0.859414
418.128515,0.703157
418.800420,0.671906
419.441075,0.640654
420.175483,0.734409
420.909892,0.734409
421.706803,0.796911
422.378709,0.671906
423.066241,0.687531
423.894403,0.828163
424.550683,0.656280
425.253841,0.703157
425.941372,0.687531
426.660155,0.718783
427.503944,0.843789
428.191475,0.687531
428.863381,0.671906
429.566538,0.703157
448.583034,0.656280
449.348694,0.765660
450.145605,0.796911
461.661757,0.687531
475.318632,0.687531
476.021790,0.703157
506.288800,0.859414
507.070086,0.781286
507.851372,0.781286
508.632657,0.781286
509.445194,0.812537
510.179603,0.734409
510.992140,0.812537
511.773426,0.781286
512.398455,0.625029
513.164115,0.765660
513.820395,0.656280
539.165305,0.718783
539.884088,0.718783
540.649748,0.765660
544.337417,0.812537
545.024948,0.687531
545.806234,0.781286
546.540642,0.734409
547.259425,0.718783
552.572169,0.687531
553.322203,0.750034
554.103489,0.781286
554.884774,0.781286
555.619183,0.734409
556.322340,0.703157
557.103626,0.781286
567.197838,0.859414
581.917262,0.843789
582.776676,0.859414
583.636091,0.859414
584.479879,0.843789
585.354919,0.875040
586.120579,0.765660
586.886239,0.765660
587.636274,0.750034
588.433185,0.796911
589.198845,0.765660
589.964505,0.765660
590.683288,0.718783
591.402071,0.718783
592.152105,0.750034
592.855263,0.703157
593.589671,0.734409
594.339705,0.750034
595.042863,0.703157
595.746020,0.703157
596.574183,0.828163
597.292966,0.718783
598.011749,0.718783
603.152609,0.843789
611.418612,0.703157
612.168647,0.750034
612.903055,0.734409
613.684341,0.781286
614.450001,0.765660
615.246912,0.796911
616.012573,0.765660
616.778233,0.765660
617.543893,0.765660
618.309553,0.765660
619.059587,0.750034
619.809621,0.750034
620.528404,0.718783
621.262813,0.734409
621.965970,0.703157
622.637876,0.671906
623.325407,0.687531
624.075442,0.750034
624.762973,0.687531
625.528633,0.765660
626.294293,0.765660
627.013076,0.718783
627.778736,0.765660
628.528770,0.750034
629.294430,0.765660
630.060091,0.765660
630.810125,0.750034
631.591411,0.781286
632.357071,0.765660
633.122731,0.765660
633.888391,0.765660
634.654051,0.765660
635.450962,0.796911
636.247874,0.796911
637.029160,0.781286
637.794820,0.765660
638.576105,0.781286
639.357391,0.781286
640.091800,0.734409
640.873085,0.781286
641.591868,0.718783
642.357528,0.765660
643.107563,0.750034
643.873223,0.765660
644.623257,0.750034
645.342040,0.718783
646.092074,0.750034
646.842109,0.750034
647.592143,0.750034
648.342177,0.750034
649.092212,0.750034
654.951855,0.718783
655.670638,0.718783
656.389421,0.718783
657.139455,0.750034
657.873864,0.734409
658.655149,0.781286
659.311430,0.656280
660.045838,0.734409
660.920878,0.875040
661.545907,0.625029
662.342818,0.796911
663.077227,0.734409
663.858513,0.781286
664.499167,0.640654
665.249201,0.750034
665.967984,0.718783
666.702393,0.734409
667.468053,0.765660
668.202461,0.734409
668.921244,0.718783
669.702530,0.781286
678.531059,0.734409
679.327971,0.796911
680.046754,0.718783
680.859291,0.812537
681.624951,0.765660
682.374985,0.750034
683.187522,0.812537
683.906305,0.718783
684.671965,0.765660
685.453251,0.781286
686.140783,0.687531
686.875191,0.734409
687.765857,0.890666
688.406511,0.640654
689.281551,0.875040
689.953457,0.671906
690.765994,0.812537
699.125752,0.828163
699.969541,0.843789
703.672835,0.750034
704.500998,0.828163
705.297909,0.796911
706.141698,0.843789
706.922984,0.781286
712.235727,0.671906
713.063890,0.828163
713.798299,0.734409
714.501456,0.703157
715.188987,0.687531
715.892144,0.703157
716.626553,0.734409
717.360962,0.734409
718.157873,0.796911
718.861030,0.703157
719.595439,0.734409
720.345473,0.750034
721.095508,0.750034
734.049226,0.593777
734.799260,0.750034
743.065263,0.718783
743.815298,0.750034
744.674712,0.859414
745.330992,0.656280
746.065401,0.734409
746.862312,0.796911
747.612346,0.750034
748.331129,0.718783
749.065538,0.734409
749.893701,0.828163
750.690612,0.796911
751.425021,0.734409
752.175055,0.750034
752.940715,0.765660
753.800130,0.859414
754.565790,0.765660
755.284573,0.718783
756.065858,0.781286
756.847144,0.781286
757.519050,0.671906
758.362839,0.843789
759.175376,0.812537
759.862907,0.687531
760.597316,0.734409
761.378602,0.781286
762.300519,0.921917
766.019439,0.812537
766.785099,0.765660
767.441379,0.656280
775.629254,0.812537
776.363662,0.734409
777.160574,0.796911
777.957485,0.796911
778.691894,0.734409
779.520057,0.828163
780.316968,0.796911
785.629712,0.843789
786.332869,0.703157
787.082903,0.750034
787.832937,0.750034
788.582972,0.750034
789.317380,0.734409
790.067415,0.750034
790.833075,0.765660
791.614361,0.781286
792.364395,0.750034
793.114429,0.750034
793.880089,0.765660
794.630124,0.750034
795.489538,0.859414
796.130192,0.640654
796.989607,0.859414
797.724015,0.734409
798.536552,0.812537
799.333464,0.796911
800.146001,0.812537
804.646207,0.765660
805.396241,0.750034
806.130650,0.734409
812.677825,0.640654
813.427859,0.750034
814.115391,0.687531
814.787296,0.671906
815.427951,0.640654
816.193611,0.765660
816.912394,0.718783
817.615551,0.703157
818.396837,0.781286
819.068742,0.671906
819.787525,0.718783
820.537560,0.750034
821.287594,0.750034
822.022002,0.734409
822.740785,0.718783
823.490820,0.750034
824.240854,0.750034
825.006514,0.765660
825.756548,0.750034
826.490957,0.734409
827.256617,0.765660
827.959774,0.703157
828.694183,0.734409
829.444217,0.750034
830.194252,0.750034
830.913034,0.718783
831.663069,0.750034
832.397477,0.734409
833.210015,0.812537
833.991300,0.781286
834.694458,0.703157
835.491369,0.796911
836.288280,0.796911
837.038315,0.750034
837.788349,0.750034
838.522758,0.734409
839.257166,0.734409
840.007201,0.750034
840.772861,0.765660
845.835593,0.703157
846.632504,0.796911
847.304410,0.671906
848.116947,0.812537
848.820104,0.703157
849.570138,0.750034
850.304547,0.734409
851.085833,0.781286
851.804616,0.718783
852.539024,0.734409
853.304684,0.765660
854.039093,0.734409
854.773502,0.734409
855.492285,0.718783
856.242319,0.750034
857.007979,0.765660
857.773639,0.765660
858.539299,0.765660
859.304959,0.765660
860.070619,0.765660
860.805028,0.734409
861.617565,0.812537
862.383225,0.765660
863.133259,0.750034
863.883294,0.750034
872.524314,0.750034
873.274348,0.750034
873.961880,0.687531
874.649411,0.687531
875.540077,0.890666
876.196357,0.656280
876.915140,0.718783
877.665174,0.750034
886.212441,0.671906
886.884346,0.671906
887.556252,0.671906
888.259409,0.703157
888.946941,0.687531
894.665953,0.656280
895.478490,0.812537
896.197273,0.718783
896.962933,0.765660
897.619213,0.656280
898.353621,0.734409
899.103656,0.750034
905.682082,0.765660
906.494619,0.812537
907.119648,0.625029
918.463917,0.734409
919.213951,0.750034
919.963986,0.750034
920.682769,0.718783
921.370300,0.687531
922.214089,0.843789
922.948497,0.734409
923.745409,0.796911
924.401689,0.656280
925.182975,0.781286
925.979886,0.796911
926.667418,0.687531
927.386200,0.718783
928.183112,0.796911
929.011275,0.828163
929.714432,0.703157
930.448841,0.734409
944.808873,0.781286
945.637036,0.828163
946.293316,0.656280
947.090227,0.796911
947.902765,0.812537
948.684050,0.781286
949.402833,0.718783
950.184119,0.781286
951.106036,0.921917
972.060120,0.718783
972.810155,0.750034
973.622692,0.812537
974.435229,0.812537
975.247766,0.812537
976.044678,0.796911
976.810338,0.765660
977.560372,0.750034
978.372909,0.812537
979.154195,0.781286
979.935481,0.781286
980.685515,0.750034
981.435549,0.750034
982.263712,0.828163
983.013747,0.750034
983.763781,0.750034
984.545067,0.781286
985.248224,0.703157
986.013884,0.765660
986.763918,0.750034
987.529578,0.765660
988.279613,0.750034
989.076524,0.796911
989.842184,0.765660
990.592219,0.750034
991.342253,0.750034
992.123539,0.781286
992.857947,0.734409
993.607982,0.750034
994.373642,0.765660
995.170553,0.796911
995.920588,0.750034
996.670622,0.750034
997.420656,0.750034
998.217568,0.796911
998.936351,0.718783
999.702011,0.765660
1000.452045,0.750034
1001.248956,0.796911
1001.998991,0.750034
1002.764651,0.765660
1003.530311,0.765660
1004.264719,0.734409
1005.061631,0.796911
1005.796040,0.734409
1006.577325,0.781286
1007.342985,0.765660
1008.093020,0.750034
1008.874305,0.781286
1009.639966,0.765660
1010.358748,0.718783
1011.171286,0.812537
1011.905694,0.734409
1012.671354,0.765660
1013.437014,0.765660
1014.155797,0.718783
1014.905832,0.750034
1015.671492,0.765660
1016.437152,0.765660
1017.171560,0.734409
1017.937220,0.765660
1018.671629,0.734409
1019.452915,0.781286
1020.140446,0.687531
1020.890481,0.750034
1021.593638,0.703157
1022.359298,0.765660
1023.078081,0.718783
1023.812489,0.734409
1024.531272,0.718783
1025.296932,0.765660
1025.984464,0.687531
1026.703247,0.718783
1027.453281,0.750034
1028.172064,0.718783
1028.890847,0.718783
1029.594004,0.703157
1030.328413,0.734409
1031.047195,0.718783
1031.734727,0.687531
1032.469136,0.734409
1033.172293,0.703157
1033.906701,0.734409
1034.641110,0.734409
1035.328641,0.687531
1036.063050,0.734409
1036.828710,0.765660
1037.547493,0.718783
1038.219399,0.671906
1038.938182,0.718783
1039.672590,0.734409
1040.360122,0.687531
1041.063279,0.703157
1041.750810,0.687531
1042.469593,0.718783
1043.157125,0.687531
1043.891533,0.734409
1044.579065,0.687531
1045.329099,0.750034
1046.016631,0.687531
1046.751039,0.734409
1047.454196,0.703157
1048.141728,0.687531
1048.829259,0.687531
1049.579294,0.750034
1050.251199,0.671906
1051.001234,0.750034
1051.720017,0.718783
1052.391922,0.671906
1053.110705,0.718783
1053.860740,0.750034
1054.579523,0.718783
1055.282680,0.703157
1056.001463,0.718783
1056.688994,0.687531
1057.407777,0.718783
1058.157811,0.750034
1058.860969,0.703157
1059.532874,0.671906
1060.236032,0.703157
1060.970440,0.734409
1061.657972,0.687531
1062.376755,0.718783
1063.079912,0.703157
1063.829946,0.750034
1064.548729,0.718783
1065.267512,0.718783
1066.001920,0.734409
1066.783206,0.781286
1067.470738,0.687531
1068.189521,0.718783
1068.908303,0.718783
1069.611461,0.703157
1070.283366,0.671906
1071.033401,0.750034
1071.736558,0.703157
1072.455341,0.718783
1073.142872,0.687531
1073.846030,0.703157
1074.580438,0.734409
1075.283595,0.703157
1076.002378,0.718783
1076.705535,0.703157
1077.424318,0.718783
1078.127476,0.703157
1078.830633,0.703157
1079.518164,0.687531
1080.268198,0.750034
1080.971356,0.703157
1081.674513,0.703157
1082.377670,0.703157
1083.112079,0.734409
1083.815236,0.703157
1084.518393,0.703157
1085.237176,0.718783
1085.924707,0.687531
1086.580987,0.656280
1090.971813,0.781286
1091.643719,0.671906
1092.331251,0.687531
1093.050034,0.718783
1093.753191,0.703157
1094.440722,0.687531
1095.143879,0.703157
1095.878288,0.734409
1096.581445,0.703157
1097.284602,0.703157
1098.003385,0.718783
1098.706542,0.703157
1099.409700,0.703157
1100.128483,0.718783
1100.847265,0.718783
1101.597300,0.750034
1102.331708,0.734409
1103.066117,0.734409
1103.769274,0.703157
1104.503683,0.734409
1105.238091,0.734409
1105.956874,0.718783
1106.660032,0.703157
1107.378814,0.718783
1108.050720,0.671906
1108.785129,0.734409
1109.457035,0.671906
1110.144566,0.687531
1110.863349,0.718783
1111.566506,0.703157
1112.269663,0.703157
1112.988446,0.718783
1113.738481,0.750034
1114.472889,0.734409
1115.207298,0.734409
1115.926081,0.718783
1116.504232,0.578151
1120.223152,0.703157
1120.910684,0.687531
1121.613841,0.703157
1122.301373,0.687531
1123.004530,0.703157
1123.723313,0.718783
1124.426470,0.703157
1125.129627,0.703157
1125.864036,0.734409
1126.582819,0.718783
1127.285976,0.703157
1127.989133,0.703157
1128.723541,0.734409
1129.442324,0.718783
1130.129856,0.687531
1130.833013,0.703157
1131.551796,0.718783
1132.270579,0.718783
1132.973736,0.703157
1133.661268,0.687531
1134.380050,0.718783
1135.067582,0.687531
1135.786365,0.718783
1136.489522,0.703157
1137.177053,0.687531
1137.864585,0.687531
1138.567742,0.703157
1139.192771,0.625029
1139.927179,0.734409
1140.614711,0.687531
1141.317868,0.703157
1142.052277,0.734409
1142.786685,0.734409
1143.536720,0.750034
1144.271128,0.734409
1145.005537,0.734409
1145.739945,0.734409
1146.505605,0.765660
1147.240014,0.734409
1147.974423,0.734409
1148.708831,0.734409
1149.427614,0.718783
1150.177649,0.750034
1150.896431,0.718783
1151.630840,0.734409
1152.380874,0.750034
1153.115283,0.734409
1153.834066,0.718783
1154.568475,0.734409
1155.302883,0.734409
1156.052917,0.750034
1156.787326,0.734409
1157.537360,0.750034
1158.287395,0.750034
1159.021803,0.734409
1159.771838,0.750034
1160.521872,0.750034
1161.256281,0.734409
1161.975064,0.718783
1162.725098,0.750034
1163.459507,0.734409
1164.209541,0.750034
1164.959575,0.750034
1165.709610,0.750034
1166.475270,0.765660
1167.225304,0.750034
1167.975338,0.750034
1168.725373,0.750034
1169.491033,0.765660
1170.209816,0.718783
1170.912973,0.703157
1171.678633,0.765660
1172.397416,0.718783
1173.116199,0.718783
1173.850607,0.734409
1174.569390,0.718783
1175.319424,0.750034
1176.038207,0.718783
1176.741364,0.703157
1177.475773,0.734409
1178.210182,0.734409
1178.928965,0.718783
1179.663373,0.734409
1180.382156,0.718783
1181.100939,0.718783
1181.835348,0.734409
1182.538505,0.703157
1183.272913,0.734409
1183.991696,0.718783
1184.726105,0.734409
1185.429262,0.703157
1186.148045,0.718783
1186.851202,0.703157
1187.569985,0.718783
1188.288768,0.718783
1189.007551,0.718783
1189.741960,0.734409
1190.523245,0.781286
1191.273280,0.750034
1192.023314,0.750034
1192.773348,0.750034
1193.539008,0.765660
1194.382797,0.843789
1197.882957,0.765660
1198.711120,0.828163
1199.539283,0.828163
1200.367446,0.828163
1201.164357,0.796911
1201.961269,0.796911
1202.695678,0.734409
1203.492589,0.796911
1204.211372,0.718783
1205.039535,0.828163
1205.727066,0.687531
1206.414598,0.687531
1207.133381,0.718783
1207.883415,0.750034
1208.758455,0.875040
1209.383484,0.625029
1210.102267,0.718783
1219.305813,0.687531
1220.008970,0.703157
1220.712127,0.703157
1221.430910,0.718783
1222.149693,0.718783
1222.884102,0.734409
1223.618510,0.734409
1224.337293,0.718783
1225.040450,0.703157
1225.774859,0.734409
1226.540519,0.765660
1227.259302,0.718783
