1565619580.000000, IBI
41.939420,0.687531
51.189843,0.953169
52.080509,0.890666
52.971175,0.890666
59.877741,0.718783
60.580898,0.703157
61.268430,0.687531
62.002838,0.734409
62.784124,0.781286
69.487556,0.796911
70.425099,0.937543
71.315764,0.890666
72.268933,0.953169
73.237727,0.968794
74.159645,0.921917
82.894419,0.875040
83.738208,0.843789
84.597622,0.859414
85.519540,0.921917
86.441457,0.921917
87.347748,0.906291
88.238414,0.890666
89.113454,0.875040
89.957243,0.843789
90.816657,0.859414
91.707323,0.890666
97.910732,0.906291
98.785772,0.875040
99.504555,0.718783
100.301466,0.796911
101.020249,0.718783
101.785909,0.765660
102.551569,0.765660
103.410984,0.859414
104.364152,0.953169
105.286069,0.921917
106.239238,0.953169
107.176781,0.937543
108.083072,0.906291
108.989364,0.906291
109.895655,0.906291
110.801947,0.906291
111.739490,0.937543
112.723910,0.984420
113.770833,1.046923
114.817756,1.046923
115.880304,1.062549
117.020982,1.140677
117.927273,0.906291
118.817939,0.890666
119.630476,0.812537
120.568019,0.937543
124.724459,0.921917
125.630751,0.906291
126.521416,0.890666
127.349579,0.828163
128.255871,0.906291
133.349854,0.812537
134.178017,0.828163
135.021806,0.843789
135.896846,0.875040
136.725008,0.828163
137.490669,0.765660
138.193826,0.703157
138.943860,0.750034
139.647017,0.703157
140.318923,0.671906
140.990829,0.671906
141.709612,0.718783
146.287946,0.937543
147.225489,0.937543
148.178658,0.953169
149.178704,1.000046
150.100621,0.921917
151.038164,0.937543
151.928829,0.890666
152.788244,0.859414
153.663284,0.875040
154.538324,0.875040
155.428990,0.890666
156.350907,0.921917
157.163444,0.812537
158.022858,0.859414
158.913524,0.890666
159.757313,0.843789
160.647979,0.890666
161.554270,0.906291
162.444936,0.890666
163.319976,0.875040
164.195016,0.875040
165.070056,0.875040
165.945096,0.875040
170.617185,0.734409
171.304716,0.687531
172.023499,0.718783
181.258297,0.953169
182.211465,0.953169
183.180260,0.968794
184.117803,0.937543
185.008468,0.890666
185.899134,0.890666
186.774174,0.875040
187.571086,0.796911
188.414874,0.843789
189.258663,0.843789
190.196206,0.937543
191.149374,0.953169
192.086917,0.937543
193.024460,0.937543
193.868249,0.843789
194.712038,0.843789
195.618329,0.906291
196.368363,0.750034
197.134023,0.765660
197.915309,0.781286
198.774724,0.859414
199.649764,0.875040
200.587306,0.937543
201.556101,0.968794
209.978361,0.781286
210.697144,0.718783
211.462804,0.765660
212.322219,0.859414
212.962873,0.640654
213.666030,0.703157
214.462942,0.796911
215.181725,0.718783
215.900507,0.718783
216.681793,0.781286
217.463079,0.781286
218.244365,0.781286
219.088153,0.843789
219.900691,0.812537
220.728853,0.828163
221.510139,0.781286
222.353928,0.843789
228.932354,0.765660
235.917049,0.828163
236.682709,0.765660
237.448369,0.765660
238.229655,0.781286
239.073443,0.843789
240.010986,0.937543
240.979780,0.968794
245.855004,0.750034
246.651915,0.796911
247.401949,0.750034
248.230112,0.828163
249.058275,0.828163
249.902064,0.843789
250.730227,0.828163
251.542764,0.812537
252.386553,0.843789
253.183464,0.796911
253.917873,0.734409
254.652281,0.734409
255.371064,0.718783
256.058596,0.687531
256.746127,0.687531
257.558664,0.812537
269.840477,0.859414
270.809271,0.968794
271.637434,0.828163
272.465597,0.828163
273.293760,0.828163
274.090671,0.796911
274.856331,0.765660
275.637617,0.781286
276.450154,0.812537
277.262691,0.812537
278.043977,0.781286
278.840889,0.796911
279.653426,0.812537
280.481589,0.828163
281.231623,0.750034
281.997283,0.765660
291.841484,0.859414
292.622769,0.781286
293.435307,0.812537
294.294721,0.859414
295.107258,0.812537
295.966672,0.859414
296.763584,0.796911
297.591747,0.828163
298.373033,0.781286
299.107441,0.734409
299.857476,0.750034
300.623136,0.765660
301.420047,0.796911
302.232584,0.812537
303.076373,0.843789
303.873284,0.796911
304.670196,0.796911
305.498359,0.828163
306.264019,0.765660
306.998427,0.734409
307.717210,0.718783
308.389116,0.671906
309.201653,0.812537
310.123570,0.921917
329.171317,0.859414
330.030732,0.859414
330.890146,0.859414
331.765186,0.875040
341.265621,0.890666
342.234415,0.968794
343.000075,0.765660
343.765735,0.765660
358.016388,0.875040
358.860176,0.843789
359.719591,0.859414
360.547754,0.828163
361.375916,0.828163
362.204079,0.828163
363.047868,0.843789
363.891657,0.843789
364.688568,0.796911
365.501105,0.812537
366.313643,0.812537
367.157431,0.843789
368.001220,0.843789
368.766880,0.765660
369.563791,0.796911
370.345077,0.781286
371.157614,0.812537
371.938900,0.781286
372.767063,0.828163
373.485846,0.718783
374.282757,0.796911
375.079669,0.796911
375.829703,0.750034
376.564112,0.734409
377.314146,0.750034
378.095432,0.781286
378.814215,0.718783
379.548623,0.734409
380.283032,0.734409
381.048692,0.765660
381.861229,0.812537
382.751895,0.890666
383.611309,0.859414
396.283764,0.750034
397.127553,0.843789
412.081363,0.625029
412.753268,0.671906
413.472051,0.718783
414.222086,0.750034
415.050249,0.828163
415.753406,0.703157
416.565943,0.812537
417.550363,0.984420
418.456655,0.906291
419.222315,0.765660
425.972624,0.796911
429.285275,0.875040
430.066561,0.781286
430.832221,0.765660
431.691635,0.859414
432.629178,0.937543
433.629224,1.000046
434.644896,1.015671
435.598064,0.953169
436.598110,1.000046
437.395021,0.796911
438.238810,0.843789
439.082599,0.843789
444.160956,0.921917
445.035996,0.875040
445.832908,0.796911
454.505180,0.859414
455.411471,0.906291
456.286511,0.875040
457.192803,0.906291
458.130346,0.937543
459.067888,0.937543
459.989806,0.921917
460.880471,0.890666
461.771137,0.890666
462.646177,0.875040
463.583720,0.937543
464.380632,0.796911
470.037141,0.859414
470.802801,0.765660
471.584086,0.781286
472.380998,0.796911
473.177909,0.796911
474.006072,0.828163
474.802984,0.796911
475.553018,0.750034
476.334304,0.781286
477.162467,0.828163
485.928493,0.859414
486.834785,0.906291
487.772327,0.937543
488.678619,0.906291
489.584910,0.906291
490.475576,0.890666
491.381868,0.906291
492.241282,0.859414
493.085071,0.843789
493.897608,0.812537
494.647642,0.750034
495.382051,0.734409
496.132085,0.750034
496.882119,0.750034
497.600902,0.718783
498.335311,0.734409
499.257228,0.921917
500.226022,0.968794
501.085437,0.859414
501.991728,0.906291
502.898020,0.906291
503.866814,0.968794
504.819983,0.953169
505.757526,0.937543
506.601314,0.843789
507.382600,0.781286
511.664046,0.921917
518.976881,0.937543
519.883172,0.906291
520.742587,0.859414
521.570750,0.828163
522.398912,0.828163
523.242701,0.843789
524.086490,0.843789
524.805273,0.718783
525.586558,0.781286
526.399096,0.812537
527.211633,0.812537
528.008544,0.796911
528.821081,0.812537
529.602367,0.781286
530.414904,0.812537
531.227442,0.812537
532.024353,0.796911
532.852516,0.828163
533.696305,0.843789
534.571345,0.875040
535.462010,0.890666
536.399553,0.937543
537.258968,0.859414
538.118382,0.859414
538.915293,0.796911
539.727831,0.812537
540.524742,0.796911
541.337279,0.812537
542.134191,0.796911
542.962354,0.828163
543.790517,0.828163
544.634305,0.843789
545.478094,0.843789
546.337508,0.859414
547.181297,0.843789
548.025085,0.843789
548.884500,0.859414
549.681411,0.796911
550.540826,0.859414
551.400240,0.859414
552.275280,0.875040
553.103443,0.828163
553.931606,0.828163
554.775394,0.843789
555.587932,0.812537
556.384843,0.796911
557.181755,0.796911
557.947415,0.765660
558.744326,0.796911
559.509986,0.765660
560.275646,0.765660
561.025681,0.750034
561.775715,0.750034
562.541375,0.765660
566.166541,0.718783
572.557458,0.687531
573.260616,0.703157
573.963773,0.703157
574.698181,0.734409
575.401339,0.703157
576.120121,0.718783
576.823279,0.703157
577.495184,0.671906
578.167090,0.671906
578.870247,0.703157
579.604656,0.734409
606.621518,0.765660
607.387178,0.765660
608.137212,0.750034
608.887246,0.750034
612.512412,0.750034
613.293698,0.781286
614.153112,0.859414
615.028152,0.875040
615.934444,0.906291
616.871987,0.937543
617.809530,0.937543
618.715821,0.906291
619.653364,0.937543
620.669036,1.015671
621.700333,1.031297
622.716004,1.015671
623.700424,0.984420
624.684844,0.984420
625.684890,1.000046
626.700562,1.015671
627.716233,1.015671
628.653776,0.937543
629.606945,0.953169
630.544488,0.937543
631.497656,0.953169
632.450825,0.953169
633.357116,0.906291
634.310285,0.953169
635.294705,0.984420
642.138768,0.968794
643.091937,0.953169
644.045106,0.953169
644.982649,0.937543
645.935817,0.953169
646.842109,0.906291
647.779652,0.937543
648.748446,0.968794
649.685989,0.937543
650.639158,0.953169
651.545449,0.906291
652.420489,0.875040
653.295529,0.875040
654.201821,0.906291
655.139364,0.937543
656.108158,0.968794
657.061327,0.953169
658.014495,0.953169
658.952038,0.937543
659.780201,0.828163
692.766086,1.046923
693.766132,1.000046
702.594661,0.734409
703.329069,0.734409
704.110355,0.781286
704.969769,0.859414
705.860435,0.890666
706.797978,0.937543
707.766773,0.968794
708.735567,0.968794
720.720490,0.828163
721.595531,0.875040
722.517448,0.921917
723.439365,0.921917
724.361282,0.921917
725.236322,0.875040
726.111362,0.875040
727.002028,0.890666
727.830191,0.828163
728.720857,0.890666
729.580271,0.859414
730.486562,0.906291
731.439731,0.953169
732.439777,1.000046
733.455448,1.015671
734.392991,0.937543
735.314909,0.921917
736.111820,0.796911
752.612575,0.812537
753.503241,0.890666
754.253275,0.750034
755.018935,0.765660
755.831473,0.812537
756.722138,0.890666
757.644056,0.921917
758.644101,1.000046
759.550393,0.906291
760.409807,0.859414
761.300473,0.890666
762.238016,0.937543
771.566568,1.031297
772.582239,1.015671
773.535408,0.953169
774.504202,0.968794
775.441745,0.937543
776.363662,0.921917
777.269954,0.906291
778.238748,0.968794
779.238794,1.000046
780.254466,1.015671
781.285763,1.031297
782.317060,1.031297
783.379609,1.062549
784.395280,1.015671
785.379700,0.984420
786.285992,0.906291
787.364166,1.078174
791.614361,0.937543
792.598781,0.984420
793.583201,0.984420
794.520744,0.937543
799.630352,0.875040
800.536644,0.906291
801.489813,0.953169
802.380478,0.890666
803.255518,0.875040
804.068056,0.812537
804.864967,0.796911
805.708756,0.843789
806.552544,0.843789
807.427584,0.875040
808.349502,0.921917
809.271419,0.921917
810.193336,0.921917
811.084002,0.890666
811.990293,0.906291
812.865333,0.875040
813.724748,0.859414
814.552911,0.828163
815.349822,0.796911
816.131108,0.781286
816.881142,0.750034
817.662428,0.781286
818.490591,0.828163
819.412508,0.921917
820.146917,0.734409
821.053208,0.906291
821.771991,0.718783
822.568902,0.796911
823.459568,0.890666
824.256480,0.796911
825.037766,0.781286
825.881554,0.843789
826.678466,0.796911
827.491003,0.812537
828.256663,0.765660
829.022323,0.765660
844.023010,0.875040
920.495260,1.015671
921.464054,0.968794
922.385972,0.921917
923.307889,0.921917
924.182929,0.875040
924.995466,0.812537
925.808003,0.812537
926.604915,0.796911
950.809148,0.875040
