1565023417.000000, IBI
12.906841,0.703157
18.610227,0.703157
19.375887,0.765660
20.157173,0.781286
20.938458,0.781286
21.625990,0.687531
22.360399,0.734409
23.063556,0.703157
23.954221,0.890666
33.907802,0.734409
34.720339,0.812537
40.361223,0.687531
79.159873,0.734409
79.894282,0.734409
80.675568,0.781286
81.425602,0.750034
87.207117,0.796911
87.972777,0.765660
88.691560,0.718783
103.770375,0.921917
104.707918,0.937543
122.536859,0.781286
123.318145,0.781286
124.177559,0.859414
127.724597,0.718783
128.443379,0.718783
129.209039,0.765660
129.896571,0.687531
130.662231,0.765660
131.365388,0.703157
132.052920,0.687531
132.771703,0.718783
133.506111,0.734409
134.256145,0.750034
135.037431,0.781286
135.803091,0.765660
136.568751,0.765660
137.303160,0.734409
138.021943,0.718783
138.771977,0.750034
139.459509,0.687531
140.162666,0.703157
140.881449,0.718783
141.647109,0.765660
142.444020,0.796911
143.319060,0.875040
144.115972,0.796911
144.959760,0.843789
145.881678,0.921917
146.772343,0.890666
147.647383,0.875040
148.475546,0.828163
149.288084,0.812537
150.053744,0.765660
150.819404,0.765660
151.600689,0.781286
152.460104,0.859414
153.288267,0.828163
154.147681,0.859414
154.975844,0.828163
155.804007,0.828163
156.600918,0.796911
157.413455,0.812537
161.210504,0.875040
162.085544,0.875040
162.976210,0.890666
163.866876,0.890666
164.741916,0.875040
165.601330,0.859414
166.460745,0.859414
167.257656,0.796911
168.054568,0.796911
168.820228,0.765660
169.601513,0.781286
170.382799,0.781286
171.132833,0.750034
171.882868,0.750034
172.632902,0.750034
173.351685,0.718783
174.101719,0.750034
174.929882,0.828163
175.711168,0.781286
176.539331,0.828163
177.336242,0.796911
178.148780,0.812537
178.945691,0.796911
179.726977,0.781286
180.445760,0.718783
181.133291,0.687531
181.742694,0.609403
182.398974,0.656280
183.102131,0.703157
183.867791,0.765660
184.664703,0.796911
185.477240,0.812537
186.289777,0.812537
187.086689,0.796911
187.883600,0.796911
188.696137,0.812537
189.446172,0.750034
190.196206,0.750034
190.961866,0.765660
191.727526,0.765660
192.508812,0.781286
193.352601,0.843789
194.227641,0.875040
195.071429,0.843789
195.946469,0.875040
196.790258,0.843789
197.634047,0.843789
198.446584,0.812537
199.243495,0.796911
199.993530,0.750034
200.759190,0.765660
201.524850,0.765660
202.259258,0.734409
208.415790,0.703157
209.118947,0.703157
209.806479,0.687531
210.540887,0.734409
211.384676,0.843789
212.228465,0.843789
213.056628,0.828163
213.931668,0.875040
214.822333,0.890666
215.650496,0.828163
216.447408,0.796911
225.510323,0.859414
226.291608,0.781286
227.088520,0.796911
227.885431,0.796911
228.682343,0.796911
231.963743,0.750034
232.760654,0.796911
233.651320,0.890666
234.432606,0.781286
235.182640,0.750034
236.135809,0.953169
236.838966,0.703157
237.698380,0.859414
238.495292,0.796911
239.292203,0.796911
240.089115,0.796911
240.823524,0.734409
241.604809,0.781286
242.386095,0.781286
243.183007,0.796911
243.979918,0.796911
244.776829,0.796911
245.589367,0.812537
246.417530,0.828163
247.214441,0.796911
248.261364,1.046923
251.964658,0.781286
252.745944,0.781286
253.511604,0.765660
254.261639,0.750034
255.011673,0.750034
255.824210,0.812537
256.589870,0.765660
257.386782,0.796911
258.152442,0.765660
258.918102,0.765660
259.683762,0.765660
260.418170,0.734409
261.199456,0.781286
261.933865,0.734409
262.683899,0.750034
263.433933,0.750034
264.168342,0.734409
264.918376,0.750034
265.699662,0.781286
266.496574,0.796911
267.340362,0.843789
268.137274,0.796911
268.934185,0.796911
269.715471,0.781286
270.481131,0.765660
271.246791,0.765660
271.981200,0.734409
272.746860,0.765660
273.543771,0.796911
274.293806,0.750034
275.075091,0.781286
275.856377,0.781286
276.622037,0.765660
277.372072,0.750034
282.278546,0.734409
283.091083,0.812537
283.903620,0.812537
284.669281,0.765660
285.450566,0.781286
286.200601,0.750034
286.903758,0.703157
287.544412,0.640654
288.216318,0.671906
288.903849,0.687531
289.607007,0.703157
290.341415,0.734409
291.107075,0.765660
291.872735,0.765660
292.591518,0.718783
293.310301,0.718783
294.029084,0.718783
294.732241,0.703157
295.466650,0.734409
296.201058,0.734409
296.919841,0.718783
297.669876,0.750034
298.419910,0.750034
299.169944,0.750034
299.904353,0.734409
300.670013,0.765660
301.420047,0.750034
302.201333,0.781286
302.888865,0.687531
303.560770,0.671906
304.248302,0.687531
304.982710,0.734409
305.748370,0.765660
306.529656,0.781286
307.342193,0.812537
308.170356,0.828163
309.014145,0.843789
309.842308,0.828163
310.686096,0.843789
325.983672,0.750034
326.780583,0.796911
327.452489,0.671906
334.062166,0.703157
334.780949,0.718783
335.468481,0.687531
336.249767,0.781286
343.312590,0.921917
344.203256,0.890666
345.062670,0.859414
345.922084,0.859414
346.718996,0.796911
347.500282,0.781286
348.250316,0.750034
348.984725,0.734409
349.641005,0.656280
358.063265,0.718783
358.797674,0.734409
359.516457,0.718783
360.282117,0.765660
361.063402,0.781286
361.860314,0.796911
362.657225,0.796911
363.485388,0.828163
364.297925,0.812537
365.079211,0.781286
365.876123,0.796911
366.673034,0.796911
367.438694,0.765660
368.235606,0.796911
368.985640,0.750034
369.673172,0.687531
370.360703,0.687531
371.063860,0.703157
371.782643,0.718783
372.532677,0.750034
373.282712,0.750034
397.940090,0.703157
398.674499,0.734409
399.393282,0.718783
400.033936,0.640654
400.612088,0.578151
401.237116,0.625029
401.924648,0.687531
402.502799,0.578151
403.143454,0.640654
403.909114,0.765660
404.674774,0.765660
405.502937,0.828163
406.299848,0.796911
407.174888,0.875040
408.018677,0.843789
408.815588,0.796911
409.581248,0.765660
410.346908,0.765660
411.081317,0.734409
411.800100,0.718783
412.518883,0.718783
413.253291,0.734409
413.987700,0.734409
414.753360,0.765660
415.534646,0.781286
416.315932,0.781286
417.097217,0.781286
417.878503,0.781286
418.675415,0.796911
419.394197,0.718783
420.159858,0.765660
420.863015,0.703157
421.550546,0.687531
428.207101,0.781286
428.879007,0.671906
429.566538,0.687531
430.269695,0.703157
431.050981,0.781286
431.707261,0.656280
432.426044,0.718783
433.144827,0.718783
433.847984,0.703157
434.551141,0.703157
435.238673,0.687531
435.957456,0.718783
436.691864,0.734409
437.410647,0.718783
438.082553,0.671906
438.785710,0.703157
439.457616,0.671906
440.160773,0.703157
440.801427,0.640654
441.426456,0.625029
442.082736,0.656280
442.801519,0.718783
443.598430,0.796911
444.457845,0.859414
445.176628,0.718783
446.020416,0.843789
446.817328,0.796911
447.614239,0.796911
448.379899,0.765660
449.083056,0.703157
449.786214,0.703157
450.504997,0.718783
451.223779,0.718783
451.958188,0.734409
452.708222,0.750034
453.489508,0.781286
454.255168,0.765660
455.052080,0.796911
455.802114,0.750034
456.583400,0.781286
457.364686,0.781286
458.130346,0.765660
458.911631,0.781286
459.692917,0.781286
460.427326,0.734409
461.208611,0.781286
474.943615,0.796911
475.662398,0.718783
476.412432,0.750034
482.709596,0.640654
483.381501,0.671906
484.084659,0.703157
484.819067,0.734409
485.600353,0.781286
486.412890,0.812537
487.194176,0.781286
487.959836,0.765660
505.023117,0.781286
505.835654,0.812537
506.663817,0.828163
507.491980,0.828163
513.445378,0.718783
514.226663,0.781286
514.976698,0.750034
515.695481,0.718783
516.429889,0.734409
539.962216,0.765660
546.540642,0.671906
547.196923,0.656280
547.884454,0.687531
548.540734,0.656280
549.197014,0.656280
549.790791,0.593777
550.431446,0.640654
551.103351,0.671906
551.837760,0.734409
552.650297,0.812537
553.447209,0.796911
554.290997,0.843789
555.119160,0.828163
555.884820,0.765660
572.635587,0.718783
573.338744,0.703157
574.104404,0.765660
574.870064,0.765660
575.635724,0.765660
576.557642,0.921917
577.370179,0.812537
596.074160,0.859414
596.933574,0.859414
610.481069,0.718783
638.201088,0.718783
638.998000,0.796911
665.374207,0.625029
675.999693,0.703157
676.687225,0.687531
677.390382,0.703157
700.391435,0.671906
704.860389,0.750034
705.719804,0.859414
706.594844,0.875040
707.438632,0.843789
708.282421,0.843789
709.079333,0.796911
709.876244,0.796911
710.563776,0.687531
711.282558,0.718783
712.016967,0.734409
712.735750,0.718783
713.438907,0.703157
714.204567,0.765660
714.970227,0.765660
715.767139,0.796911
716.517173,0.750034
717.235956,0.718783
718.001616,0.765660
718.642270,0.640654
719.298550,0.656280
719.939205,0.640654
720.626736,0.687531
721.298642,0.671906
722.033051,0.734409
722.783085,0.750034
723.517493,0.734409
724.251902,0.734409
731.752245,0.718783
732.564783,0.812537
733.361694,0.796911
734.236734,0.875040
734.986768,0.750034
756.425250,0.718783
757.144033,0.718783
757.815938,0.671906
804.802464,0.718783
805.505621,0.703157
806.224404,0.718783
806.958813,0.734409
807.708847,0.750034
808.458882,0.750034
809.193290,0.734409
809.896447,0.703157
810.599605,0.703157
811.271510,0.671906
811.912165,0.640654
812.568445,0.656280
813.255976,0.687531
813.959133,0.703157
814.677916,0.718783
815.412325,0.734409
816.162359,0.750034
816.896768,0.734409
817.662428,0.765660
818.381211,0.718783
819.115619,0.734409
819.850028,0.734409
820.600062,0.750034
821.365722,0.765660
822.131382,0.765660
822.928294,0.796911
836.788303,0.593777
837.397706,0.609403
845.429324,0.687531
846.069978,0.640654
846.773135,0.703157
847.507544,0.734409
848.257578,0.750034
849.023238,0.765660
849.742021,0.718783
850.429553,0.687531
851.101459,0.671906
851.804616,0.703157
852.507773,0.703157
853.273433,0.765660
854.039093,0.765660
854.804753,0.765660
855.539162,0.734409
856.226693,0.687531
856.945476,0.718783
857.648633,0.703157
858.383042,0.734409
859.101825,0.718783
859.789356,0.687531
860.492513,0.703157
892.259593,0.765660
