1565881740.000000, IBI
18.125830,0.843789
29.688859,0.687531
30.392016,0.703157
31.126425,0.734409
31.860833,0.734409
32.579616,0.718783
33.376528,0.796911
36.673554,0.687531
37.392337,0.718783
38.173622,0.781286
46.220866,0.750034
46.924023,0.703157
47.689683,0.765660
48.455343,0.765660
49.205377,0.750034
49.955412,0.750034
50.752323,0.796911
51.549235,0.796911
52.283643,0.734409
53.080555,0.796911
59.283964,0.718783
59.955869,0.671906
60.705904,0.750034
61.487190,0.781286
62.299727,0.812537
63.081012,0.781286
63.862298,0.781286
64.502953,0.640654
65.424870,0.921917
76.128485,0.843789
76.831642,0.703157
77.534799,0.703157
78.300459,0.765660
79.128622,0.828163
79.956785,0.828163
80.691194,0.734409
81.519356,0.828163
82.206888,0.687531
83.097554,0.890666
94.863717,0.671906
95.660629,0.796911
96.332535,0.671906
102.239055,0.796911
103.114095,0.875040
103.957884,0.843789
104.832924,0.875040
105.614209,0.781286
106.551752,0.937543
107.661178,1.109426
133.443608,0.781286
134.178017,0.734409
134.990554,0.812537
135.740588,0.750034
136.459371,0.718783
137.240657,0.781286
138.037569,0.796911
138.928234,0.890666
139.631392,0.703157
140.568934,0.937543
144.381609,0.890666
145.178520,0.796911
146.037935,0.859414
146.928601,0.890666
165.663833,0.687531
171.054705,0.843789
171.882868,0.828163
172.679779,0.796911
173.304808,0.625029
174.070468,0.765660
174.773625,0.703157
175.570537,0.796911
176.289320,0.718783
177.164360,0.875040
177.805014,0.640654
178.664428,0.859414
179.445714,0.781286
180.101994,0.656280
180.867654,0.765660
181.570811,0.703157
182.336471,0.765660
183.180260,0.843789
183.914669,0.734409
184.711580,0.796911
185.508492,0.796911
186.258526,0.750034
186.930432,0.671906
187.696092,0.765660
188.477377,0.781286
189.071155,0.593777
189.805563,0.734409
190.618100,0.812537
191.383760,0.765660
203.165550,0.640654
203.853081,0.687531
213.166008,0.875040
214.072299,0.906291
214.931713,0.859414
222.947705,0.796911
223.713365,0.765660
231.760609,0.859414
232.651274,0.890666
233.385683,0.734409
234.213846,0.828163
235.073260,0.859414
235.901423,0.828163
236.698335,0.796911
237.448369,0.750034
238.214029,0.765660
238.995315,0.781286
239.792226,0.796911
240.620389,0.828163
241.495429,0.875040
242.214212,0.718783
242.979872,0.765660
243.776784,0.796911
244.526818,0.750034
245.323730,0.796911
246.120641,0.796911
246.823798,0.703157
247.620710,0.796911
248.355118,0.734409
251.745898,0.828163
255.089802,0.671906
255.902339,0.812537
256.714876,0.812537
257.527413,0.812537
258.293073,0.765660
259.105610,0.812537
259.918148,0.812537
260.793188,0.875040
261.683853,0.890666
262.605771,0.921917
263.480811,0.875040
264.355851,0.875040
265.309019,0.953169
266.137182,0.828163
267.027848,0.890666
267.934139,0.906291
268.668548,0.734409
269.434208,0.765660
270.184242,0.750034
270.981154,0.796911
271.746814,0.765660
276.231394,0.781286
276.997054,0.765660
277.793966,0.796911
278.622129,0.828163
279.294034,0.671906
279.934689,0.640654
283.794240,0.812537
284.606778,0.812537
285.403689,0.796911
286.106846,0.703157
286.872506,0.765660
287.638166,0.765660
300.591884,0.703157
301.263790,0.671906
301.920070,0.656280
302.701356,0.781286
310.873605,0.890666
316.889505,0.765660
317.733294,0.843789
318.420825,0.687531
319.092731,0.671906
319.639631,0.546900
320.358414,0.718783
328.936932,0.609403
329.796346,0.859414
330.562006,0.765660
339.593670,0.703157
340.562464,0.968794
341.265621,0.703157
342.015656,0.750034
342.671936,0.656280
343.500098,0.828163
344.140753,0.640654
344.797033,0.656280
345.437687,0.640654
346.172096,0.734409
346.969007,0.796911
347.797170,0.828163
348.578456,0.781286
371.095112,0.687531
371.798269,0.703157
392.861733,0.781286
393.518013,0.656280
394.174293,0.656280
394.893076,0.718783
395.689987,0.796911
396.502525,0.812537
397.361939,0.859414
398.252605,0.890666
399.174522,0.921917
400.096439,0.921917
401.033982,0.937543
401.955899,0.921917
402.846565,0.890666
403.721605,0.875040
404.565394,0.843789
405.424808,0.859414
406.252971,0.828163
407.049882,0.796911
407.846794,0.796911
408.674957,0.828163
409.503120,0.828163
410.362534,0.859414
411.221948,0.859414
412.096988,0.875040
412.972028,0.875040
413.862694,0.890666
414.690857,0.828163
415.550272,0.859414
416.362809,0.812537
424.535058,0.843789
425.363221,0.828163
426.191384,0.828163
437.566904,0.859414
438.379441,0.812537
439.238856,0.859414
440.067019,0.828163
440.817053,0.750034
441.567087,0.750034
442.348373,0.781286
443.129659,0.781286
443.910945,0.781286
444.770359,0.859414
445.598522,0.828163
446.457936,0.859414
452.239451,0.765660
453.083240,0.843789
453.848900,0.765660
454.567683,0.718783
455.348968,0.781286
456.161505,0.812537
459.864800,0.843789
460.724214,0.859414
461.568003,0.843789
462.411792,0.843789
463.318083,0.906291
464.083743,0.765660
464.943157,0.859414
465.708817,0.765660
466.568232,0.859414
467.302640,0.734409
468.099552,0.796911
468.943341,0.843789
469.740252,0.796911
470.459035,0.718783
471.271572,0.812537
472.021606,0.750034
472.802892,0.781286
473.662307,0.859414
479.943844,0.796911
480.772007,0.828163
481.600170,0.828163
482.412707,0.812537
483.272121,0.859414
516.179878,0.859414
516.992415,0.812537
517.867455,0.875040
548.540734,1.000046
553.306577,0.796911
554.056612,0.750034
558.650572,0.875040
559.353729,0.703157
560.103763,0.750034
575.463841,0.703157
576.245127,0.781286
577.073290,0.828163
577.838950,0.765660
578.620236,0.781286
579.401522,0.781286
580.214059,0.812537
581.042222,0.828163
581.886010,0.843789
582.651670,0.765660
583.511085,0.859414
584.261119,0.750034
585.011153,0.750034
585.714311,0.703157
586.417468,0.703157
587.120625,0.703157
587.870659,0.750034
588.620694,0.750034
594.620968,0.718783
595.433506,0.812537
596.183540,0.750034
596.964826,0.781286
597.699234,0.734409
613.090564,0.921917
613.840598,0.750034
614.559381,0.718783
615.309415,0.750034
616.043824,0.734409
616.840735,0.796911
617.575144,0.734409
618.262676,0.687531
619.059587,0.796911
627.606853,0.562526
628.231882,0.625029
638.716737,0.765660
639.513648,0.796911
640.357437,0.843789
641.107471,0.750034
641.935634,0.828163
642.670043,0.734409
643.466954,0.796911
644.216989,0.750034
644.951397,0.734409
645.732683,0.781286
646.482717,0.750034
647.295254,0.812537
648.185920,0.890666
649.029709,0.843789
649.873497,0.843789
650.748538,0.875040
651.514198,0.765660
652.342360,0.828163
653.108021,0.765660
653.920558,0.812537
660.686492,0.609403
661.452152,0.765660
662.045930,0.593777
662.827215,0.781286
688.469014,0.734409
689.281551,0.812537
690.062837,0.781286
690.844123,0.781286
691.594157,0.750034
692.406694,0.812537
693.203606,0.796911
694.016143,0.812537
694.828680,0.812537
695.656843,0.828163
696.360000,0.703157
697.078783,0.718783
697.844443,0.765660
698.563226,0.718783
706.282330,0.828163
707.063615,0.781286
707.829275,0.765660
719.704819,0.796911
720.392350,0.687531
721.095508,0.703157
721.845542,0.750034
722.595576,0.750034
730.627194,0.734409
731.424105,0.796911
732.205391,0.781286
767.206993,0.812537
767.894525,0.687531
772.957257,0.796911
773.644788,0.687531
774.426074,0.781286
775.129231,0.703157
775.832388,0.703157
776.473042,0.640654
777.144948,0.671906
777.848105,0.703157
778.629391,0.781286
779.441928,0.812537
780.270091,0.828163
781.082628,0.812537
781.926417,0.843789
782.785831,0.859414
783.582743,0.796911
784.348403,0.765660
785.223443,0.875040
785.973477,0.750034
786.801640,0.828163
787.614177,0.812537
788.442340,0.828163
789.223626,0.781286
790.223672,1.000046
794.770755,0.859414
795.520789,0.750034
796.177069,0.656280
798.974072,0.656280
799.645978,0.671906
800.396013,0.750034
800.958538,0.562526
805.099353,0.812537
805.974393,0.875040
806.724427,0.750034
807.552590,0.828163
808.271373,0.718783
809.083910,0.812537
809.927699,0.843789
810.693359,0.765660
811.427768,0.734409
812.240305,0.812537
813.021590,0.781286
813.818502,0.796911
814.631039,0.812537
815.396699,0.765660
816.209236,0.812537
816.912394,0.703157
817.678054,0.765660
818.443714,0.765660
819.131245,0.687531
819.975034,0.843789
823.209557,0.640654
823.881463,0.671906
824.584620,0.703157
872.868080,0.812537
873.649366,0.781286
874.571283,0.921917
875.243189,0.671906
875.977597,0.734409
876.696380,0.718783
877.399537,0.703157
878.118320,0.718783
878.821477,0.703157
882.962292,0.734409
893.103381,0.796911
908.072816,0.718783
908.822851,0.750034
909.510382,0.687531
910.291668,0.781286
936.433490,0.718783
