1563474597.000000, IBI
14.281904,0.875040
15.172570,0.890666
16.094487,0.921917
22.438527,0.843789
23.266690,0.828163
24.032350,0.765660
25.001144,0.968794
25.954313,0.953169
26.938733,0.984420
27.923153,0.984420
28.876322,0.953169
29.798239,0.921917
35.064105,0.796911
35.892268,0.828163
36.798559,0.906291
37.736102,0.937543
38.689271,0.953169
39.642440,0.953169
40.611234,0.968794
41.564403,0.953169
42.517571,0.953169
43.376986,0.859414
44.361406,0.984420
45.220820,0.859414
46.048983,0.828163
46.861520,0.812537
47.627180,0.765660
52.471152,0.984420
53.393069,0.921917
54.361863,0.968794
55.361909,1.000046
56.268201,0.906291
57.127615,0.859414
58.002655,0.875040
58.862069,0.859414
59.737109,0.875040
60.627775,0.890666
61.534067,0.906291
70.831367,0.968794
71.956419,1.125051
73.175225,1.218806
74.425282,1.250057
75.565959,1.140677
76.566005,1.000046
77.784811,1.218806
78.722353,0.937543
79.675522,0.953169
80.566188,0.890666
81.456854,0.890666
82.378771,0.921917
83.206934,0.828163
84.097600,0.890666
84.988265,0.890666
86.019562,1.031297
87.097737,1.078174
88.144660,1.046923
89.175957,1.031297
90.285383,1.109426
96.129400,0.875040
97.004440,0.875040
97.926358,0.921917
98.957655,1.031297
99.973326,1.015671
101.035875,1.062549
101.973418,0.937543
103.020341,1.046923
103.926632,0.906291
104.832924,0.906291
105.801718,0.968794
109.442510,0.750034
115.177147,0.859414
116.020936,0.843789
116.880350,0.859414
117.692887,0.812537
118.521050,0.828163
119.317962,0.796911
120.114873,0.796911
120.943036,0.828163
121.818076,0.875040
122.833748,1.015671
123.911922,1.078174
151.225672,0.875040
152.116338,0.890666
152.881998,0.765660
153.663284,0.781286
154.475821,0.812537
155.272732,0.796911
156.100895,0.828163
156.929058,0.828163
157.788473,0.859414
158.710390,0.921917
159.663558,0.953169
160.444844,0.781286
161.288633,0.843789
162.116796,0.828163
162.960584,0.843789
163.773122,0.812537
164.679413,0.906291
171.164085,0.734409
171.898494,0.734409
172.695405,0.796911
173.554819,0.859414
179.336334,0.921917
188.618009,1.093800
194.758915,0.921917
195.696458,0.937543
196.712129,1.015671
197.727801,1.015671
198.774724,1.046923
199.790395,1.015671
200.774815,0.984420
201.712358,0.937543
202.665527,0.953169
203.524941,0.859414
204.337478,0.812537
205.165641,0.828163
206.025056,0.859414
207.009476,0.984420
208.040773,1.031297
209.134573,1.093800
210.197122,1.062549
211.259670,1.062549
212.306593,1.046923
213.197259,0.890666
213.962919,0.765660
224.994674,0.968794
225.838463,0.843789
226.776006,0.937543
227.651046,0.875040
228.369828,0.718783
229.229243,0.859414
229.994903,0.765660
230.744937,0.750034
231.635603,0.890666
232.573146,0.937543
233.510689,0.937543
234.620115,1.109426
247.714464,0.890666
248.620755,0.906291
249.589550,0.968794
250.589596,1.000046
251.464636,0.875040
252.449056,0.984420
253.339721,0.890666
254.058504,0.718783
255.074176,1.015671
256.042970,0.968794
259.793142,0.796911
260.652556,0.859414
261.621351,0.968794
268.746677,0.843789
269.715471,0.968794
270.574885,0.859414
271.278043,0.703157
271.996825,0.718783
272.809363,0.812537
279.934689,0.906291
280.762852,0.828163
281.606640,0.843789
282.419178,0.812537
283.200463,0.781286
284.059878,0.859414
284.950543,0.890666
285.825583,0.875040
286.653746,0.828163
287.544412,0.890666
288.356949,0.812537
289.185112,0.828163
290.044527,0.859414
290.935192,0.890666
291.888361,0.953169
292.841530,0.953169
293.810324,0.968794
294.747867,0.937543
302.326339,0.781286
303.154502,0.828163
303.967039,0.812537
304.857705,0.890666
305.748370,0.890666
306.701539,0.953169
317.733294,0.984420
318.702088,0.968794
319.702134,1.000046
320.655303,0.953169
321.655349,1.000046
322.577266,0.921917
323.514809,0.937543
324.405474,0.890666
337.046678,1.000046
348.437824,0.765660
349.250362,0.812537
349.984770,0.734409
350.719179,0.734409
356.875711,0.921917
372.751437,0.890666
373.735857,0.984420
374.657775,0.921917
375.735949,1.078174
376.735995,1.000046
377.767292,1.031297
378.845466,1.078174
379.720506,0.875040
380.673675,0.953169
381.626844,0.953169
382.392504,0.765660
383.298795,0.906291
384.283215,0.984420
385.236384,0.953169
404.080997,0.750034
404.768528,0.687531
405.518563,0.750034
406.237345,0.718783
406.987380,0.750034
407.768666,0.781286
408.581203,0.812537
409.424991,0.843789
410.378160,0.953169
411.362580,0.984420
412.315749,0.953169
413.300169,0.984420
414.268963,0.968794
415.159629,0.890666
416.050295,0.890666
417.003463,0.953169
417.800375,0.796911
418.597286,0.796911
419.441075,0.843789
440.863930,0.859414
441.645216,0.781286
442.395251,0.750034
443.114033,0.718783
443.848442,0.734409
444.614102,0.765660
445.457891,0.843789
446.395434,0.937543
447.348602,0.953169
448.348648,1.000046
449.364320,1.015671
457.286557,1.000046
458.239726,0.953169
459.317900,1.078174
460.364823,1.046923
461.333617,0.968794
462.255535,0.921917
466.599483,0.890666
467.443272,0.843789
468.302686,0.859414
469.146475,0.843789
470.005889,0.859414
470.865304,0.859414
471.755970,0.890666
472.693512,0.937543
473.631055,0.937543
474.552973,0.921917
475.459264,0.906291
476.349930,0.890666
477.209344,0.859414
478.021881,0.812537
478.834419,0.812537
479.600079,0.765660
480.412616,0.812537
481.193902,0.781286
492.881937,0.875040
498.757205,0.890666
503.991820,0.875040
504.851234,0.859414
512.710969,0.781286
513.570384,0.859414
514.461049,0.890666
515.429844,0.968794
516.461141,1.031297
517.445561,0.984420
518.367478,0.921917
519.242518,0.875040
520.070681,0.828163
520.945721,0.875040
521.773884,0.828163
522.633298,0.859414
523.711473,1.078174
524.492759,0.781286
525.492804,1.000046
526.445973,0.953169
527.477270,1.031297
528.414813,0.937543
529.274227,0.859414
530.118016,0.843789
530.930553,0.812537
542.477957,0.828163
543.243617,0.765660
544.009277,0.765660
557.228632,1.000046
558.166175,0.937543
566.760318,0.812537
567.557230,0.796911
568.322890,0.765660
569.119801,0.796911
569.947964,0.828163
570.823004,0.875040
571.807424,0.984420
572.760593,0.953169
573.682510,0.921917
574.604427,0.921917
575.510719,0.906291
576.417010,0.906291
577.354553,0.937543
578.182716,0.828163
579.135885,0.953169
579.979673,0.843789
580.823462,0.843789
586.323714,0.843789
587.308134,0.984420
588.339431,1.031297
589.292600,0.953169
595.277249,0.843789
596.042909,0.765660
596.777317,0.734409
597.527352,0.750034
598.277386,0.750034
599.027420,0.750034
599.777455,0.750034
607.496558,0.906291
608.355972,0.859414
609.199761,0.843789
610.027924,0.828163
610.715455,0.687531
611.481115,0.765660
612.246775,0.765660
613.043687,0.796911
613.840598,0.796911
614.809393,0.968794
615.793813,0.984420
616.825110,1.031297
623.512916,0.890666
624.341079,0.828163
625.309873,0.968794
626.372422,1.062549
627.388093,1.015671
628.388139,1.000046
629.263179,0.875040
630.122594,0.859414
630.919505,0.796911
631.716417,0.796911
632.528954,0.812537
633.372742,0.843789
634.263408,0.890666
635.044694,0.781286
644.420123,0.953169
645.404543,0.984420
646.435840,1.031297
647.467138,1.031297
648.623441,1.156303
649.592235,0.968794
650.529778,0.937543
651.436069,0.906291
652.311109,0.875040
653.092395,0.781286
653.795552,0.703157
654.561212,0.765660
655.311247,0.750034
656.030030,0.718783
656.795690,0.765660
657.639478,0.843789
658.561395,0.921917
659.608318,1.046923
667.499305,0.750034
668.343093,0.843789
669.140005,0.796911
669.874413,0.734409
670.733828,0.859414
676.062196,0.750034
676.952862,0.890666
677.952908,1.000046
678.921702,0.968794
679.937374,1.015671
701.453984,0.859414
702.297772,0.843789
703.141561,0.843789
704.047853,0.906291
705.047898,1.000046
705.829184,0.781286
706.626096,0.796911
707.438633,0.812537
715.267116,0.843789
716.095279,0.828163
716.845313,0.750034
717.626599,0.781286
718.407885,0.781286
719.251673,0.843789
720.142339,0.890666
721.095508,0.953169
722.095554,1.000046
723.111225,1.015671
724.142522,1.031297
725.126942,0.984420
726.095737,0.968794
727.017654,0.921917
733.721086,0.703157
734.533623,0.812537
735.346160,0.812537
744.862221,0.812537
745.627881,0.765660
746.377915,0.750034
747.190452,0.812537
747.956112,0.765660
748.737398,0.781286
749.565561,0.828163
750.518729,0.953169
751.596904,1.078174
752.706330,1.109426
753.768878,1.062549
754.815801,1.046923
755.893975,1.078174
756.956524,1.062549
757.862816,0.906291
758.753481,0.890666
759.597270,0.843789
760.425433,0.828163
761.300473,0.875040
762.159887,0.859414
763.019302,0.859414
763.894342,0.875040
764.800633,0.906291
765.785053,0.984420
766.769473,0.984420
767.816396,1.046923
768.847693,1.031297
769.863365,1.015671
770.785282,0.921917
771.675948,0.890666
772.550988,0.875040
773.410402,0.859414
774.191688,0.781286
774.957348,0.765660
775.723008,0.765660
776.551171,0.828163
777.441837,0.890666
785.285946,0.812537
786.082857,0.796911
786.817266,0.734409
787.567300,0.750034
788.317335,0.750034
789.098620,0.781286
789.864280,0.765660
790.708069,0.843789
791.645612,0.937543
792.692535,1.046923
793.833212,1.140677
795.020766,1.187554
796.052064,1.031297
797.067735,1.015671
798.020904,0.953169
798.927195,0.906291
799.724107,0.796911
805.583750,1.093800
806.661924,1.078174
807.693222,1.031297
808.708893,1.015671
809.662062,0.953169
810.537102,0.875040
822.068880,0.734409
822.850165,0.781286
823.709580,0.859414
824.584620,0.875040
825.600291,1.015671
826.569086,0.968794
827.553506,0.984420
828.491049,0.937543
840.866615,0.906291
841.757281,0.890666
842.647947,0.890666
843.507361,0.859414
844.366775,0.859414
845.288692,0.921917
846.179358,0.890666
847.038773,0.859414
847.851310,0.812537
848.648221,0.796911
854.304730,1.046923
855.445407,1.140677
856.617336,1.171929
857.742388,1.125051
858.836188,1.093800
859.820608,0.984420
860.680022,0.859414
861.508185,0.828163
862.336348,0.828163
863.242639,0.906291
864.117679,0.875040
865.133351,1.015671
866.117771,0.984420
867.133442,1.015671
868.102237,0.968794
869.055405,0.953169
869.961697,0.906291
870.789860,0.828163
871.649274,0.859414
872.477437,0.828163
873.352477,0.875040
874.118137,0.765660
875.008803,0.890666
875.821340,0.812537
876.649503,0.828163
877.540169,0.890666
878.290203,0.750034
883.243555,0.843789
884.056092,0.812537
884.837378,0.781286
885.634289,0.796911
886.399949,0.765660
887.212487,0.812537
888.009398,0.796911
888.837561,0.828163
889.728227,0.890666
890.665770,0.937543
891.665815,1.000046
892.681487,1.015671
893.712784,1.031297
894.634701,0.921917
895.478490,0.843789
896.322278,0.843789
897.212944,0.890666
898.087984,0.875040
898.994276,0.906291
899.947444,0.953169
900.791233,0.843789
901.666273,0.875040
902.541313,0.875040
903.369476,0.828163
904.135136,0.765660
904.869545,0.734409
913.557442,1.125051
914.666868,1.109426
915.729417,1.062549
916.745088,1.015671
917.682631,0.937543
918.495168,0.812537
919.292080,0.796911
920.057740,0.765660
920.885903,0.828163
921.792194,0.906291
922.776614,0.984420
923.807912,1.031297
924.839209,1.031297
925.808003,0.968794
926.698669,0.890666
927.511206,0.812537
928.323743,0.812537
929.151906,0.828163
930.026946,0.875040
930.917612,0.890666
937.464787,0.890666
938.371078,0.906291
939.324247,0.953169
940.277416,0.953169
941.136830,0.859414
942.043121,0.906291
942.824407,0.781286
943.621319,0.796911
944.340101,0.718783
945.074510,0.734409
955.449985,0.812537
956.184394,0.734409
956.965679,0.781286
957.731339,0.765660
958.543877,0.812537
959.434542,0.890666
960.387711,0.953169
961.419008,1.031297
962.481557,1.062549
963.528480,1.046923
964.559777,1.031297
971.528846,0.875040
972.419512,0.890666
973.263300,0.843789
974.075838,0.812537
974.904001,0.828163
975.763415,0.859414
976.654081,0.890666
977.591624,0.937543
978.497915,0.906291
979.294827,0.796911
980.013609,0.718783
980.982404,0.968794
981.810567,0.828163
982.685607,0.875040
983.482518,0.796911
984.326307,0.843789
985.154470,0.828163
985.998258,0.843789
986.857673,0.859414
987.779590,0.921917
988.639004,0.859414
989.560921,0.921917
990.467213,0.906291
991.357879,0.890666
992.279796,0.921917
997.076890,0.859414
997.998808,0.921917
998.920725,0.921917
999.811391,0.890666
1005.186637,0.843789
1005.874168,0.687531
1019.031021,0.828163
1019.937312,0.906291
1020.859229,0.921917
1021.859275,1.000046
1022.781192,0.921917
1028.937724,0.937543
1029.859641,0.921917
1030.625301,0.765660
1031.625347,1.000046
1032.422259,0.796911
1033.219170,0.796911
1034.031707,0.812537
1050.157445,0.921917
1051.126240,0.968794
1052.110660,0.984420
1053.016951,0.906291
1053.891991,0.875040
1054.735780,0.843789
1066.580072,0.953169
1067.517615,0.937543
1068.267649,0.750034
1076.455524,0.781286
1077.377441,0.921917
1078.393113,1.015671
1079.486913,1.093800
1080.596339,1.109426
1081.674513,1.078174
1082.658933,0.984420
1083.612102,0.953169
1084.455890,0.843789
1085.299679,0.843789
1086.143468,0.843789
1087.018508,0.875040
1087.924799,0.906291
1088.815465,0.890666
1089.706131,0.890666
1090.596797,0.890666
1091.503088,0.906291
1092.440631,0.937543
1093.393800,0.953169
1094.300091,0.906291
1095.190757,0.890666
1096.081423,0.890666
1101.769183,0.812537
1128.332899,0.734409
1129.004805,0.671906
1129.645459,0.640654
1135.333219,0.937543
1136.255136,0.921917
1137.177054,0.921917
1138.083345,0.906291
1138.989637,0.906291
1139.895928,0.906291
1150.630795,0.968794
1151.583963,0.953169
1152.474629,0.890666
1153.334043,0.859414
1154.177832,0.843789
1155.021621,0.843789
1155.896661,0.875040
1156.818578,0.921917
1157.709244,0.890666
1158.615535,0.906291
1185.991788,1.046923
1186.929331,0.937543
1204.383255,0.953169
1205.367675,0.984420
1206.273967,0.906291
1212.789890,1.031297
1213.789936,1.000046
1214.868110,1.078174
1215.977536,1.109426
1220.399613,1.031297
1221.368407,0.968794
1283.089983,0.765660
1283.855643,0.765660
1284.636929,0.781286
1285.371337,0.734409
1286.136997,0.765660
1286.996412,0.859414
1287.855826,0.859414
1288.793369,0.937543
1289.887169,1.093800
1290.965343,1.078174
1314.560173,0.984420
1315.622722,1.062549
1316.466511,0.843789
1350.311810,0.656280
