1565393219.000000, IBI
19.375887,0.750034
20.282178,0.906291
21.235347,0.953169
22.141639,0.906291
23.141684,1.000046
37.532968,0.812537
38.329880,0.796911
39.158042,0.828163
39.923702,0.765660
40.783117,0.859414
41.673783,0.890666
55.658798,1.125051
56.643218,0.984420
57.533884,0.890666
64.877970,1.171929
69.737567,0.953169
70.831367,1.093800
71.831413,1.000046
72.862710,1.031297
73.956510,1.093800
75.034685,1.078174
76.097233,1.062549
77.050402,0.953169
78.034822,0.984420
79.003616,0.968794
80.003662,1.000046
80.988082,0.984420
82.035005,1.046923
83.081928,1.046923
84.144477,1.062549
85.238277,1.093800
86.128942,0.890666
87.332123,1.203180
137.803183,1.015671
138.740726,0.937543
139.787649,1.046923
143.553446,0.843789
144.459738,0.906291
145.412906,0.953169
146.412952,1.000046
147.428623,1.015671
148.475546,1.046923
149.334961,0.859414
150.350632,1.015671
151.335052,0.984420
152.397601,1.062549
153.303892,0.906291
154.460195,1.156303
165.570079,0.968794
166.507622,0.937543
167.585796,1.078174
173.445439,0.890666
174.507988,1.062549
175.508034,1.000046
176.539331,1.031297
177.492500,0.953169
200.259167,1.109426
201.274838,1.015671
202.290510,1.015671
207.915767,0.953169
208.837684,0.921917
209.556467,0.718783
237.042100,0.906291
238.057772,1.015671
239.135946,1.078174
240.026612,0.890666
241.073535,1.046923
242.042329,0.968794
265.215265,0.953169
266.277814,1.062549
267.230982,0.953169
268.215402,0.984420
269.340454,1.125051
270.168617,0.828163
271.215540,1.046923
290.450795,0.843789
291.357087,0.906291
292.185250,0.828163
293.169670,0.984420
293.888453,0.718783
294.841621,0.953169
295.607281,0.765660
330.780766,0.906291
331.624555,0.843789
332.546472,0.921917
333.452764,0.906291
334.437184,0.984420
335.421604,0.984420
336.406024,0.984420
337.312315,0.906291
344.125127,0.984420
345.187676,1.062549
346.156470,0.968794
347.140890,0.984420
383.361298,0.765660
384.267590,0.906291
385.095752,0.828163
385.845787,0.750034
386.720827,0.875040
387.533364,0.812537
388.517784,0.984420
389.595958,1.078174
390.752261,1.156303
391.611676,0.859414
392.564844,0.953169
393.783650,1.218806
402.284039,0.828163
406.487357,1.062549
407.378022,0.890666
408.362442,0.984420
409.362488,1.000046
410.206277,0.843789
419.816092,1.046923
420.722383,0.906291
441.707719,0.906291
442.692139,0.984420
450.286237,1.015671
457.927211,0.859414
458.802251,0.875040
459.849174,1.046923
460.724214,0.875040
461.802389,1.078174
462.755557,0.953169
463.614972,0.859414
475.146749,1.062549
476.099918,0.953169
477.303098,1.203180
482.225199,1.078174
483.178367,0.953169
484.100284,0.921917
485.100330,1.000046
485.990996,0.890666
486.787907,0.796911
487.662947,0.875040
488.662993,1.000046
489.678665,1.015671
490.772465,1.093800
500.663543,0.750034
501.569834,0.906291
502.601131,1.031297
503.679306,1.078174
504.710603,1.031297
505.788777,1.078174
511.523415,0.953169
517.320555,0.937543
533.321287,0.921917
534.305707,0.984420
547.790700,1.000046
548.790745,1.000046
549.790791,1.000046
550.837714,1.046923
551.806509,0.968794
552.853431,1.046923
553.884729,1.031297
554.837897,0.953169
563.385164,1.000046
564.400835,1.015671
565.432132,1.031297
566.400927,0.968794
567.416598,1.015671
585.870568,0.796911
598.433643,1.000046
599.464940,1.031297
606.246500,1.000046
607.230921,0.984420
608.199715,0.968794
609.059129,0.859414
610.231058,1.171929
614.215615,1.000046
615.121907,0.906291
616.028198,0.906291
616.778233,0.750034
617.637647,0.859414
634.982191,0.937543
635.982237,1.000046
637.013534,1.031297
638.091708,1.078174
639.138631,1.046923
640.138677,1.000046
646.748354,1.000046
647.670272,0.921917
648.654692,0.984420
649.529732,0.875040
650.482900,0.953169
651.482946,1.000046
652.326735,0.843789
653.186149,0.859414
653.920558,0.734409
654.592463,0.671906
655.514381,0.921917
656.217538,0.703157
657.061327,0.843789
658.014495,0.953169
659.030167,1.015671
660.092715,1.062549
661.155264,1.062549
662.124058,0.968794
663.077227,0.953169
664.014770,0.937543
664.936687,0.921917
677.249751,0.921917
678.218545,0.968794
679.124836,0.906291
680.062379,0.937543
681.062425,1.000046
681.984342,0.921917
692.859840,0.531274
702.344649,0.921917
703.266567,0.921917
729.189628,0.687531
729.986540,0.796911
730.689697,0.703157
753.518867,0.890666
781.348266,1.046923
782.270183,0.921917
796.552087,0.984420
797.380250,0.828163
811.865288,0.796911
812.724702,0.859414
813.537239,0.812537
814.365402,0.828163
815.271693,0.906291
816.271739,1.000046
817.021774,0.750034
818.053071,1.031297
818.865608,0.812537
819.803151,0.937543
820.600062,0.796911
821.490728,0.890666
822.412645,0.921917
823.381440,0.968794
824.193977,0.812537
825.006514,0.812537
845.132435,1.296934
851.195213,0.875040
852.179633,0.984420
853.148427,0.968794
854.085970,0.937543
855.039139,0.953169
855.992307,0.953169
857.039230,1.046923
858.117405,1.078174
863.430148,0.890666
864.414568,0.984420
865.352111,0.937543
866.336531,0.984420
867.211571,0.875040
868.352248,1.140677
869.274165,0.921917
870.071077,0.796911
871.118000,1.046923
872.071168,0.953169
873.039963,0.968794
874.024383,0.984420
875.040054,1.015671
875.883843,0.843789
881.384095,0.734409
882.306012,0.921917
890.196998,0.968794
898.384873,0.921917
899.353667,0.968794
900.306836,0.953169
901.260005,0.953169
902.244425,0.984420
903.228845,0.984420
904.213265,0.984420
905.166433,0.953169
906.103976,0.937543
907.072771,0.968794
908.010314,0.937543
908.979108,0.968794
909.901025,0.921917
910.838568,0.937543
911.822988,0.984420
912.760531,0.937543
913.729325,0.968794
914.760623,1.031297
915.729417,0.968794
916.745088,1.015671
917.745134,1.000046
918.682677,0.937543
919.667097,0.984420
920.635891,0.968794
921.557809,0.921917
922.510977,0.953169
923.479772,0.968794
924.401689,0.921917
925.354857,0.953169
926.370529,1.015671
927.323698,0.953169
928.276866,0.953169
929.276912,1.000046
930.308209,1.031297
931.245752,0.937543
932.230172,0.984420
933.167715,0.937543
934.058381,0.890666
935.027175,0.968794
935.995970,0.968794
936.824132,0.828163
